0.0
133545.11145789872
6.778433292904918E8
1.3556825156584144E9
2.0332102667026994E9
2.709985279694157E9
3.38556607317631E9
4.0595112741984196E9
4.731379906106827E9
5.400731676708389E9
6.067127266619018E9
6.730128617609638E9
7.38929922076141E9
8.044204404241572E9
8.694411620511032E9
9.339490732774612E9
9.979014300484842E9
1.0612557863710253E10
1.1239700226179329E10
1.1860023736811594E10
1.247311456954777E10
1.30785630012915E10
1.3675963687775848E10
1.4264915937168583E10
1.4845023981231228E10
1.5415897243847916E10
1.597715060674128E10
1.6528404672193947E10
1.7069286022595617E10
1.7599427476637306E10
1.8118468341976E10
1.8626054664194782E10
1.912183947188541E10
1.9605483017682426E10
2.007665301507995E10
2.0535024870864708E10
2.0980281913001167E10
2.141211561380721E10
2.183022580826139E10
2.223432090728562E10
2.262411810584988E10
2.299934358574865E10
2.335973271290173E10
2.3705030229035397E10
2.403499043760303E10
2.434937738380783E10
2.4647965028593693E10
2.4930537416473927E10
2.5196888837071194E10
2.5446823980245804E10
2.568015808469343E10
2.589671707989727E10
2.609633772132371E10
2.627886771875476E10
2.6444165857654705E10
2.6592102113472733E10
2.6722557758787785E10
2.683542546320621E10
2.6930609385927444E10
2.7008025260897545E10
2.7067600474475056E10
2.7109274135538433E10
2.7132997137969128E10
2.713873221544925E10
2.712645398851762E10
2.7096149003833126E10
2.70478157655992E10
2.69814647591084E10
2.6897118466371113E10
2.679481137379772E10
2.667458997190855E10
2.653651274705135E10
2.638065016511121E10
2.6207084647203163E10
2.6015910537342995E10
2.5807234062097145E10
2.5581173282217987E10
2.5337858036275997E10
2.507742987630587E10
2.4800041995488903E10
2.450585914789941E10
2.4195057560348286E10
2.386782483636224E10
2.3524359852342587E10
2.3164872645952805E10
2.2789584296789513E10
2.239872679939668E10
2.1992542928688408E10
2.1571286097850647E10
2.1135220208797695E10
2.068461949526436E10
2.0219768358619923E10
1.9740961196495213E10
1.924850222431908E10
1.8742705289865685E10
1.8223893680919006E10
1.7692399926165886E10
1.7148565589433783E10
1.6592741057394276E10
1.6025285320858072E10
1.544656574979196E10
1.485695786219277E10
1.425684508695792E10
1.364661852089659E10
1.302667668002992E10
1.2397425245332966E10
1.1759276803075249E10
1.1112650579920938E10
1.0457972172953667E10
9.795673274794878E9
9.126191393988451E9
8.449969570828033E9
7.767456088807102E9
7.0791041818753E9
6.385371737687928E9
5.686720997038758E9
4.983618249669482E9
4.2765335266521153E9
3.565940289543584E9
2.8523151165145097E9
2.136137385656837E9
1.4178889556774724E9
6.98053844187494E8
-2.288209620126236E7
-7.444315037583224E8
-1.4661058352794948E9
-2.187415695276862E9
-2.907871166494413E9
-3.6269821415283256E9
-4.344258655329522E9
-5.059211218364842E9
-5.771351150212071E9
-6.480190913363106E9
-7.185244447008709E9
-7.886027500577671E9
-8.582057966802655E9
-9.27285621408468E9
-9.957945417927965E9
-1.0636851891216831E10
-1.130910541310647E10
-1.197423955629963E10
-1.2631792012481724E10
-1.3281304915687416E10
-1.3922325163372486E10
-1.4554404734965687E10
-1.5177101007676311E10
-1.5789977069334454E10
-1.6392602028042242E10
-1.698455131841591E10
-1.7565407004200188E10
-1.8134758077038372E10
-1.8692200751183388E10
-1.9237338753937298E10
-1.9769783611609024E10
-2.0289154930782463E10
-2.0795080674689796E10
-2.128719743448752E10
-2.17651506952356E10
-2.222859509638326E10
-2.2677194686567966E10
-2.3110623172537685E10
-2.3528564162009727E10
-2.393071140028334E10
-2.4316769000426746E10
-2.4686451666863377E10
-2.5039484912185913E10
-2.5375605267031036E10
-2.569456048285198E10
-2.599610972743035E10
-2.628002377297333E10
-2.6546085176646896E10
-2.679408845340053E10
-2.7023840240943768E10
-2.7235159456739872E10
-2.7427877446887142E10
-2.7601838126763424E10
-2.7756898113314835E10
-2.789292684887509E10
-2.8009806716407272E10
-2.8107433146065567E10
-2.8185714712980167E10
-2.8244573226174297E10
-2.8283943808528187E10
-2.8303774967710804E10
-2.830402865800609E10
-2.828468033296662E10
-2.8245718988833755E10
-2.818714719866943E10
-2.8108981137151257E10
-2.801125059598871E10
-2.7893998989924675E10
-2.7757283353293064E10
-2.7601174327109604E10
-2.742575613667952E10
-2.723112655971224E10
-2.7017396884939976E10
-2.678469186124353E10
-2.653314963729526E10
-2.626292169173593E10
-2.5974172753908615E10
-2.566708071517963E10
-2.534183653088304E10
-2.499864411293193E10
-2.4637720213146343E10
-2.425929429735432E10
-2.3863608410329166E10
-2.345091703163261E10
-2.30214869224401E10
-2.2575596963431038E10
-2.2113537983833195E10
-2.163561258171707E10
-2.114213493564231E10
-2.0633430607764725E10
-2.010983633851868E10
-1.9571699832995968E10
-1.9019379539148342E10
-1.845324441794717E10
-1.7873673705639523E10
-1.728105666824613E10
-1.6675792348452469E10
-1.6058289305049995E10
-1.5428965345090359E10
-1.4788247248920938E10
-1.413657048827561E10
-1.3474378937600077E10
-1.280212457879636E10
-1.2120267199576273E10
-1.142927408561876E10
-1.072961970673094E10
-1.0021785397217556E10
-9.306259030668186E9
-8.583534689376199E9
-7.854112328607825E9
-7.1184974359440775E9
-6.377200685922346E9
-5.630737590208559E9
-4.879628143534629E9
-4.124396465639641E9
-3.3655704394567685E9
-2.603681345791323E9
-1.8392634947385638E9
-1.0728538540929648E9
-3.049916750035491E8
4.637818848673813E8
1.232924140422223E9
2.0018912601804776E9
2.7701386490411005E9
3.5371213324882812E9
4.302294341972299E9
5.06511310119543E9
5.825033813031422E9
6.581513846805745E9
7.334012125662746E9
8.08198951374492E9
8.824909202908783E9
9.562237098701347E9
1.029344220532082E10
1.1017997009285051E10
1.1735377861531315E10
1.2445065357671251E10
1.314654471612528E10
1.383930615386143E10
1.4522845259464388E10
1.5196663363261662E10
1.5860267904234911E10
1.6513172793446077E10
1.7154898773709467E10
1.778497377524287E10
1.840293326703281E10
1.900832060365126E10
1.9600687367263584E10
2.017959370457012E10
2.0744608658426613E10
2.1295310493891727E10
2.1831287018453102E10
2.235213589618674E10
2.28574649556082E10
2.33468924909777E10
2.3820047556825333E10
2.4276570255466614E10
2.471611201728294E10
2.5138335873546013E10
2.554291672156997E10
2.5929541581979763E10
2.6297909847889336E10
2.664773352578831E10
2.6978737467941296E10
2.7290659596109272E10
2.7583251116408333E10
2.785627672512671E10
2.810951480532702E10
2.8342757614066822E10
2.8555811460076675E10
2.874849687174137E10
2.8920648755236492E10
2.907211654267905E10
2.920276433015776E10
2.9312471005515377E10
2.9401130365762478E10
2.9468651224009254E10
2.9514957505809044E10
2.9539988334814674E10
2.954369810765606E10
2.9526056557955067E10
2.9487048809401253E10
2.9426675417819645E10
2.9344952402169678E10
2.9241911264422024E10
2.911759899826814E10
2.8972078086625107E10
2.880542648790652E10
2.861773761103813E10
2.8409120279205112E10
2.8179698682325863E10
2.7929612318255577E10
2.7659015922730858E10
2.7368079388074966E10
2.70569876706915E10
2.672594068738252E10
2.63751532005354E10
2.600485469223096E10
2.561528922733356E10
2.5206715305632187E10
2.4779405703109665E10
2.4333647302425316E10
2.3869740912704536E10
2.338800107873687E10
2.2888755879692146E10
2.237234671747232E10
2.183912809482455E10
2.128946738334893E10
2.0723744581542114E10
2.0142352063025814E10
1.954569431511674E10
1.8934187667902195E10
1.8308260013992947E10
1.7668350519132416E10
1.701490932384844E10
1.6348397236341043E10
1.5669285416806711E10
1.4978055053406534E10
1.4275197030092419E10
1.3561211586512169E10
1.283660797022083E10
1.210190408143199E10
1.135762611054898E10
1.060430816872204E10
9.84249191168331E9
9.072726157117386E9
8.295566495830661E9
7.511574896988115E9
6.721319307691443E9
5.9253732471774435E9
5.124315395920444E9
4.318729179927214E9
3.50920235051727E9
2.696326559885751E9
1.880696932750095E9
1.0629116343856282E9
2.435714353587857E8
-5.767207267298629E8
-1.3973601881774087E9
-2.2177410024668584E9
-3.0372563855907245E9
-3.8552991630862856E9
-4.671262218456555E9
-5.484538942648914E9
-6.294523684261542E9
-7.100612200146166E9
-7.902202106074292E9
-8.698693327132988E9
-9.489488547515377E9
-1.0273993659370403E10
-1.1051618210376043E10
-1.1821775849699987E10
-1.2583884772011965E10
-1.3337368159212221E10
-1.408165461954128E10
-1.4816178623737032E10
-1.5540380937906208E10
-1.6253709052778824E10
-1.6955617609015654E10
-1.7645568818240753E10
-1.8323032879473167E10
-1.8987488390634304E10
-1.9638422754810127E10
-2.027533258095017E10
-2.0897724078688465E10
-2.1505113446974964E10
-2.209702725620947E10
-2.267300282357414E10
-2.323258858126458E10
-2.3775344437323963E10
-2.4300842128789146E10
-2.4808665566862595E10
-2.529841117382895E10
-2.5769688211440342E10
-2.6222119100500053E10
-2.6655339731379868E10
-2.706899976521233E10
-2.7462762925505405E10
-2.7836307279933216E10
-2.8189325512063297E10
-2.852152518278746E10
-2.8832628981230366E10
-2.91223749649171E10
-2.939051678898841E10
-2.963682392425974E10
-2.9861081863928036E10
-3.0063092318738113E10
-3.0242673400428493E10
-3.0399659793284836E10
-3.0533902913637543E10
-3.0645271057148552E10
-3.0733649533741203E10
-3.0798940790035748E10
-3.0841064519162117E10
-3.0859957757830738E10
-3.0855574970551258E10
-3.0827888120898594E10
-3.077688672973497E10
-3.070257792030635E10
-3.06049864501412E10
-3.048415472968938E10
-3.0340142827648666E10
-3.017302846293645E10
-2.9982906983274036E10
-2.976989133036104E10
-2.9534111991627472E10
-2.927571693856127E10
-2.899487155161912E10
-2.8691758531738728E10
-2.836657779848086E10
-2.8019546374839787E10
-2.76508982587709E10
-2.7260884281494717E10
-2.6849771952646526E10
-2.641784529235134E10
-2.596540465031393E10
-2.5492766512023922E10
-2.500026329218609E10
-2.448824311549608E10
-2.3957069584891827E10
-2.340712153742089E10
-2.2838792787873882E10
-2.2252491860343956E10
-2.1648641707882114E10
-2.1027679420427685E10
-2.0390055921202915E10
-1.973623565177004E10
-1.9066696245958523E10
-1.838192819287941E10
-1.7682434489252666E10
-1.6968730281282482E10
-1.624134249632415E10
-1.5500809464594866E10
-1.4747680531189165E10
-1.3982515658668116E10
-1.320588502049939E10
-1.2418368585633385E10
-1.1620555694508242E10
-1.0813044626784191E10
-9.996442161114996E9
-9.171363127271421E9
-8.338429950938556E9
-7.498272191515549E9
-6.65152607325277E9
-5.798834010067661E9
-4.940844124386546E9
-4.0782097603654275E9
-3.21158899184829E9
-2.3416441254266987E9
-1.4690411989694655E9
-5.944494759958708E8
2.8145906372960246E8
1.1580102369989061E9
2.0345281729724011E9
2.9103358316115384E9
3.784755524339274E9
4.657109436532219E9
5.526720151445786E9
6.392911175171147E9
7.255007462220667E9
8.112335941336678E9
8.964226041116875E9
9.81001021504845E9
1.0649024465542135E10
1.148060886655673E10
1.2304108084404469E10
1.3118871896327522E10
1.3924255706436382E10
1.4719621058601494E10
1.5504336145890509E10
1.6277776316144875E10
1.703932457329108E10
1.7788372073983856E10
1.85243186191809E10
1.9246573140251316E10
1.995455417922284E10
2.064769036277619E10
2.132542086959848E10
2.198719589071136E10
2.2632477082393944E10
2.3260738011324898E10
2.3871464591572998E10
2.44641555130705E10
2.503832266120914E10
2.559349152720431E10
2.6129201608878925E10
2.6645006801524857E10
2.714047577850646E10
2.7615192361277508E10
2.806875587849015E10
2.8500781513881878E10
2.891090064263429E10
2.9298761155905388E10
2.9664027773245487E10
3.000638234261525E10
3.0325524127733227E10
3.062117008248926E10
3.089305511216941E10
3.114093232124754E10
3.1364573247508457E10
3.156376808227746E10
3.173832587654128E10
3.1888074732755856E10
3.201286198214687E10
3.211255434731982E10
3.2187038090007336E10
3.2236219143792572E10
3.226002323165884E10
3.2258395968227085E10
3.223130294655446E10
3.217872980937897E10
3.210068230470715E10
3.199718632565361E10
3.186828793445364E10
3.1714053370582092E10
3.153456904292432E10
3.1329941505957214E10
3.1100297419911064E10
3.0845783494895443E10
3.0566566418985027E10
3.0262832770273983E10
2.993478891292026E10
2.9582660877213955E10
2.9206694223716667E10
2.8807153891531662E10
2.838432403077736E10
2.793850781934959E10
2.747002726407078E10
2.6979222986336998E10
2.646645399238653E10
2.5932097428326355E10
2.537654832006539E10
2.480021929831608E10
2.4203540308838203E10
2.358695830811128E10
2.2950936944634106E10
2.2295956226062233E10
2.162251217240609E10
2.0931116455524498E10
2.0222296025160004E10
1.9496592721774086E10
1.8754562876451756E10
1.7996776898156303E10
1.7223818848626137E10
1.6436286005216429E10
1.5634788411999107E10
1.4819948419445168E10
1.399240021302355E10
1.3152789331060925E10
1.2301772172216467E10
1.1440015492935328E10
1.056819589525378E10
9.686999305338072E9
8.797120443147797E9
7.899262283623078E9
6.994135509803059E9
6.082457958291118E9
5.164954057489817E9
4.2423542590358777E9
3.315394462872472E9
2.3848154364027457E9
1.4513622281748214E9
5.157835765544907E8
-4.211686861525464E8
-1.3587402336617703E9
-2.2961748492822E9
-3.232715032623404E9
-4.1676026089563546E9
-5.100079340743492E9
-6.029387540849918E9
-6.954770686944584E9
-7.875474036597652E9
-8.79074524257793E9
-9.699834967852371E9
-1.0601997499788164E10
-1.1496491363056786E10
-1.2382579930738766E10
-1.3259532033127542E10
-1.4126622563730967E10
-1.49831330819695E10
-1.5828352412071081E10
-1.6661577237664005E10
-1.748211269157088E10
-1.82892729403089E10
-1.9082381762804264E10
-1.986077312283155E10
-2.0623791734692207E10
-2.1370793621650204E10
-2.2101146666647057E10
-2.2814231154823036E10
-2.3509440307376465E10
-2.4186180806298355E10
-2.4843873309525524E10
-2.548195295606153E10
-2.6099869860621338E10
-2.6697089597362717E10
-2.727309367227473E10
-2.782737998380134E10
-2.8359463271286495E10
-2.8868875550835426E10
-2.9355166538195805E10
-2.98179040582717E10
-3.0256674440892826E10
-3.067108290247148E10
-3.106075391318999E10
-3.142533154937194E10
-3.1764479830701527E10
-3.2077883041966576E10
-3.236524603901237E10
-3.2626294538605328E10
-3.2860775391917698E10
-3.3068456841356926E10
-3.3249128760476143E10
-3.340260287671508E10
-3.352871297673417E10
-3.362731509411794E10
-3.369828767923765E10
-3.3741531751077114E10
-3.3756971030839706E10
-3.374455205716918E10
-3.3704244282831295E10
-3.363604015271821E10
-3.3539955163052414E10
-3.341602790168223E10
-3.3264320069376038E10
-3.3084916482037857E10
-3.2877925053782516E10
-3.2643476760824116E10
-3.2381725586147377E10
-3.2092848444947224E10
-3.1777045090837914E10
-3.143453800284895E10
-3.106557225324102E10
-3.067041535619133E10
-3.0249357097413685E10
-2.980270934479487E10
-2.9330805840144833E10
-2.883400197217439E10
-2.8312674530830032E10
-2.776722144313165E10
-2.7198061490674618E10
-2.6605634008973873E10
-2.5990398568843117E10
-2.535283464001817E10
-2.469344123724893E10
-2.401273654909995E10
-2.3311257549714806E10
-2.2589559593814804E10
-2.184821599521735E10
-2.1087817589174206E10
-2.0308972278844524E10
-1.9512304566231922E10
-1.869845506792899E10
-1.7868080016026726E10
-1.702185074456005E10
-1.6160453161873959E10
-1.5284587209308214E10
-1.4394966306611237E10
-1.3492316784506622E10
-1.2577377304847942E10
-1.1650898268809519E10
-1.0713641213572561E10
-9.766378197977345E9
-8.809891177623148E9
-7.844971369908262E9
-6.87241860951265E9
-5.893040694835697E9
-4.9076527259109955E9
-3.9170764343291593E9
-2.9221395057083573E9
-1.9236748952604828E9
-9.225201370087024E8
8.048335278048608E7
1.0844909773806384E9
2.088655666027643E9
3.09212858439834E9
4.0940598485573726E9
5.093599241779082E9
6.089896933646668E9
7.082104200826736E9
8.069374148913719E9
9.050862434735579E9
1.002572798850956E10
1.0993133735234663E10
1.195224731470594E10
1.2902241799534613E10
1.3842296410557478E10
1.4771597229019026E10
1.5689337904910177E10
1.6594720360848585E10
1.748695549088699E10
1.836526385363816E10
1.922887635910758E10
2.0077034948628185E10
2.0908993267295124E10
2.1724017328302635E10
2.252138616858994E10
2.3300392495208267E10
2.406034332182688E10
2.4800560594802242E10
2.552038180824136E10
2.6219160607497547E10
2.6896267380544765E10
2.7551089836684998E10
2.8183033572052E10
2.8791522621384018E10
2.9375999995548042E10
2.9935928204308266E10
3.047078976384244E10
3.0980087688520905E10
3.146334596647486E10
3.1920110018492626E10
3.234994713979528E10
3.275244692425606E10
3.312722167064148E10
3.3473906770465958E10
3.3792161077066174E10
3.408166725551593E10
3.4342132113017563E10
3.4573286909421326E10
3.477488764754003E10
3.494671534294249E10
3.5088576272925766E10
3.520030220438311E10
3.5281750600301765E10
3.533280480464205E10
3.5353374205367256E10
3.5343394375411545E10
3.530282719139168E10
3.523166092988672E10
3.5129910341128746E10
3.499761669996657E10
3.483484783398362E10
3.464169812867059E10
3.441828850957289E10
3.41647664013527E10
3.3881305663725243E10
3.356810650424882E10
3.3225395367968178E10
3.285342480393091E10
3.245247330861683E10
3.202284514634046E10
3.156487014670702E10
3.1078903479222645E10
3.0565325405179855E10
3.002454100695949E10
2.9456979894910656E10
2.8863095891990257E10
2.8243366696363968E10
2.759829352219033E10
2.6928400718829678E10
2.6234235368739258E10
2.5516366864335663E10
2.4775386464125E10
2.4011906828420624E10
2.3226561534987267E10
2.2420004574969273E10
2.1592909829479298E10
2.074597052724216E10
1.9879898683706688E10
1.8995424522056164E10
1.8093295876565582E10
1.7174277578771E10
1.6239150826933228E10
1.5288712539294577E10
1.4323774691643518E10
1.3345163639717833E10
1.235371942699224E10
1.13502950784114E10
1.033575588064366E10
9.31097864944503E9
8.276850984736435E9
7.23427051401042E9
6.184144124696123E9
5.127387186123474E9
4.064922761739171E9
2.997680812238105E9
1.926597390284434E9
8.526138275065175E8
-2.2332408554064703E8
-1.3002669257429774E9
-2.377262469414068E9
-3.4533565291826973E9
-4.527593795055532E9
-5.599018678923028E9
-6.666676161770675E9
-7.729612642852525E9
-8.786876790079372E9
-9.83752039087001E9
-1.088059920271075E10
-1.1915173802665707E10
-1.2940310435078453E10
-1.3955081856704338E10
-1.4958568178512138E10
-1.594985770339377E10
-1.6928047759021545E10
-1.7892245525093857E10
-1.8841568854212276E10
-1.977514708563587E10
-2.0692121851161957E10
-2.1591647872386734E10
-2.247289374860403E10
-2.3335042734605946E10
-2.4177293507655415E10
-2.49988609229075E10
-2.579897675656398E10
-2.6576890436053787E10
-2.733186975654102E10
-2.8063201583071625E10
-2.8770192537680195E10
-2.9452169670789165E10
-3.010848111624426E10
-3.0738496729342163E10
-3.1341608707219242E10
-3.1917232190983566E10
-3.2464805848986458E10
-3.2983792440644535E10
-3.347367936023839E10
-3.393397916012987E10
-3.43642300528563E10
-3.476399639157709E10
-3.513286912836533E10
-3.547046624985549E10
-3.577643318977631E10
-3.605044321791767E10
-3.629219780509911E10
-3.650142696372832E10
-3.667788956355781E10
-3.6821373622269485E10
-3.693169657053764E10
-3.7008705491243065E10
-3.705227733253285E10
-3.706231909444322E10
-3.703876798882533E10
-3.698159157233743E10
-3.689078785229019E10
-3.676638536515579E10
-3.6608443227575645E10
-3.6417051159725716E10
-3.619232948092322E10
-3.593442907738319E10
-3.564353134205835E10
-3.531984808652106E10
-3.496362142487113E10
-3.457512362967906E10
-3.41546569599996E10
-3.3702553461516098E10
-3.3219174738902027E10
-3.270491170051151E10
-3.216018427553653E10
-3.158544110379423E10
-3.0981159198333294E10
-3.034784358107405E10
-2.9686026891722523E10
-2.8996268970223907E10
-2.8279156413046436E10
-2.7535302103611565E10
-2.6765344717211445E10
-2.596994820077937E10
-2.5149801227903393E10
-2.4305616629497585E10
-2.3438130800569424E10
-2.2548103083545433E10
-2.1636315128640682E10
-2.070357023178064E10
-1.9750692650606674E10
-1.877852689911869E10
-1.7787937021530285E10
-1.6779805845933235E10
-1.5755034218389078E10
-1.4714540218086105E10
-1.3659258354220005E10
-1.2590138745275948E10
-1.1508146281408789E10
-1.0414259770636473E10
-9.309471069579527E9
-8.194784199496691E9
-7.071214448383375E9
-5.939787459915531E9
-4.801538310036828E9
-3.6575105720016623E9
-2.5087553707004247E9
-1.3563304271067226E9
-2.0129909369870946E8
9.55270618281522E8
2.1123070188555171E9
3.2687357257377925E9
4.4234806562722225E9
5.5754650239721E9
6.7236123387526E9
7.866847409937298E9
9.004097351114174E9
1.0134292585911076E10
1.1256367853756086E10
1.2369263214684505E10
1.3471925052251274E10
1.4563307073605724E10
1.5642371305784369E10
1.6708089087277235E10
1.7759442053923855E10
1.879542311819659E10
1.981503744093133E10
2.0817303394568962E10
2.1801253516975155E10
2.276593545491114E10
2.3710412896234116E10
2.463376648991279E10
2.5535094752951324E10
2.6413514963323654E10
2.726816403802958E10
2.809819939539453E10
2.8902799800746155E10
2.9681166194613026E10
3.0432522502603764E10
3.115611642613878E10
3.1851220213221447E10
3.2517131408451187E10
3.3153173581497154E10
3.3758697033268505E10
3.4333079479035122E10
3.487572670777148E10
3.5386073217015785E10
3.586358282255689E10
3.630774924228242E10
3.6718096653543396E10
3.709418022341307E10
3.743558661124071E10
3.7741934442925125E10
3.801287475635702E10
3.824809141750442E10
3.844730150664121E10
3.861025567424504E10
3.8736738466117744E10
3.882656861730895E10
3.887959931445149E10
3.889571842614541E10
3.887484870105682E10
3.881694793342675E10
3.8722009095715096E10
3.859006043813518E10
3.842116555486459E10
3.821542341674941E10
3.797296837034955E10
3.769397010320503E10
3.737863357523448E10
3.702719891620915E10
3.6639941289278076E10
3.621717072055231E10
3.57592318947887E10
3.526650391724632E10
3.473940004182136E10
3.417836736559896E10
3.3583886489993507E10
3.2956471148681293E10
3.2296667802562515E10
3.160505520202197E10
3.0882243916790462E10
3.0128875833741352E10
2.9345623622988724E10
2.8533190172685883E10
2.7692307992954502E10
2.682373858940631E10
2.5928271806750423E10
2.5006725143010277E10
2.405994303490464E10
2.3088796114977295E10
2.2094180441089695E10
2.1077016698920094E10
2.003824937814144E10
1.8978845922978542E10
1.789979585787265E10
1.680210988900882E10
1.5686818982487806E10
1.4554973419950155E10
1.3407641832485376E10
1.224591021368358E10
1.1070880912710726E10
9.883671608311754E9
8.685414264668056E9
7.477254070057302E9
6.260348359284258E9
5.035865520871048E9
3.8049838900142746E9
2.5688906283344374E9
1.328780591460246E9
8.585518550661992E7
-1.1586787864796016E9
-2.403610287017935E9
-3.6477252145349445E9
-4.889807580433532E9
-6.128640691765764E9
-7.363008338374011E9
-8.591695983356052E9
-9.81349195570177E9
-1.102718864394208E10
-1.2231583689644936E10
-1.3425481179588495E10
-1.4607692835437935E10
-1.577703919974991E10
-1.6932350817127363E10
-1.8072469409347157E10
-1.9196249043284046E10
-2.0302557290456566E10
-2.139027637702376E10
-2.2458304323066166E10
-2.3505556069990013E10
-2.4530964594900543E10
-2.553348201079819E10
-2.6512080651460613E10
-2.7465754139883827E10
-2.839351843916715E10
-2.9294412884739357E10
-3.0167501196837124E10
-3.1011872472161797E10
-3.1826642153656628E10
-3.2610952977363667E10
-3.3363975895337887E10
-3.408491097361541E10
-3.477298826425324E10
-3.542746865047943E10
-3.604764466401506E10
-3.663284127365336E10
-3.718241664420549E10
-3.769576286494866E10
-3.8172306646738396E10
-3.8611509986974754E10
-3.901287080164058E10
-3.937592352365942E10
-3.970023966685097E10
-3.998542835479327E10
-4.0231136813932724E10
-4.04370508303159E10
-4.060289516935085E10
-4.072843395803972E10
-4.081347102915988E10
-4.0857850226906395E10
-4.0861455673545E10
-4.082421199666208E10
-4.074608451663556E10
-4.062707939398892E10
-4.0467243736329384E10
-4.026666566461025E10
-4.0025474338497375E10
-3.974383994065962E10
-3.942197361984363E10
-3.906012739263406E10
-3.8658594003841515E10
-3.821770674550162E10
-3.773783923451052E10
-3.721940514896343E10
-3.6662857923304985E10
-3.606869040244201E10
-3.543743445501133E10
-3.4769660546037224E10
-3.4065977269255108E10
-3.3327030839419952E10
-3.2553504544959682E10
-3.174611816137544E10
-3.090562732583198E10
-3.003282287342266E10
-2.9128530135634274E10
-2.819360820157765E10
-2.7228949142589916E10
-2.6235477200854244E10
-2.5214147942722E10
-2.4165947377461143E10
-2.3091891042192802E10
-2.1993023053815723E10
-2.0870415128755127E10
-1.972516557140906E10
-1.855839823220073E10
-1.73712614361803E10
-1.6164926883153734E10
-1.4940588520349394E10
-1.3699461388665634E10
-1.244278044357397E10
-1.1171799351783047E10
-9.88778926479809E9
-8.592037570539154E9
-7.28584662420887E9
-5.970532459626904E9
-4.647423482273537E9
-3.317859145308993E9
-1.9831886098580534E9
-6.447693908712826E8
6.960340101053058E8
2.0378514839010575E9
3.379308703062908E9
4.719028520183352E9
6.05563237381315E9
7.387741700543847E9
8.713979351832605E9
1.0032971014130735E10
1.1343346630867569E10
1.2643741824833025E10
1.3932799319495468E10
1.520917035778602E10
1.647151611687671E10
1.7718509117477478E10
1.8948834626176136E10
2.016119204934621E10
2.1354296317149616E10
2.2526879256165005E10
2.367769094917781E10
2.4805501080674873E10
2.590910026659488E10
2.6987301366895725E10
2.8038940779511425E10
2.9062879714284042E10
3.005800544547082E10
3.102323254144248E10
3.1957504070206432E10
3.285979277940761E10
3.372910224948013E10
3.456446801864511E10
3.536495867847354E10
3.61296769387578E10
3.685776066046211E10
3.754838385554988E10
3.820075765251495E10
3.881413122647463E10
3.938779269271399E10
3.992106996260438E10
4.041333156085344E10
4.08639874030798E10
4.127248953274263E10
4.163833281649437E10
4.19610555970644E10
4.2240240302821976E10
4.2475514013208206E10
4.266654897926965E10
4.281306309856976E10
4.291482034379902E10
4.2971631144450294E10
4.298335272097238E10
4.2949889370861984E10
4.287119270620273E10
4.274726184220848E10
4.2578143536378075E10
4.2363932277918655E10
4.210477032714593E10
4.180084770462085E10
4.145240212983456E10
4.105971890930547E10
4.0623130774005585E10
4.0143017666086006E10
3.9619806474925446E10
3.905397072257894E10
3.844603019875824E10
3.779655054552906E10
3.7106142791964935E10
3.6375462839051155E10
3.560521089518677E10
3.479613086268639E10
3.394900967573764E10
3.3064676590323505E10
3.2144002426672516E10
3.118789876485256E10
3.0197317094176888E10
2.917324791714314E10
2.8116719808677876E10
2.702879843151036E10
2.5910585508549843E10
2.476321775319049E10
2.3587865758517284E10
2.2385732846434532E10
2.1158053877786133E10
1.9906094024583454E10
1.8631147505502174E10
1.733453628585426E10
1.6017608743284655E10
1.4681738300484913E10
1.3328322026257088E10
1.1958779206301472E10
1.0574549885140427E10
9.177093380628138E9
7.767886772532164E9
6.348423366707435E9
4.920211136416533E9
3.484771142381893E9
2.0436359331857092E9
5.983479276620008E8
-8.495422190477734E8
-2.298477264078802E9
-3.7468950383463564E9
-5.193230119226333E9
-6.635915512650542E9
-8.073384342836092E9
-9.504071547851692E9
-1.0926415579209145E10
-1.2338860103655504E10
-1.3739855705330584E10
-1.5127861586445639E10
-1.6501347264632055E10
-1.7858794265103973E10
-1.9198697805775787E10
-2.0519568473474495E10
-2.181993388938795E10
-2.3098340361893127E10
-2.435335452491362E10
-2.558356495996283E10
-2.6787583800038418E10
-2.796404831354489E10
-2.9111622466434494E10
-3.0228998460771957E10
-3.131489824794599E10
-3.2368075014769848E10
-3.338731464073474E10
-3.437143712470337E10
-3.531929797935617E10
-3.622978959173052E10
-3.710184254822227E10
-3.793442692245054E10
-3.872655352441991E10
-3.94772751094491E10
-4.01856875453726E10
-4.085093093656019E10
-4.14721907033402E10
-4.204869861545465E10
-4.257973377821857E10
-4.306462357010174E10
-4.350274453049843E10
-4.389352319650001E10
-4.4236436887535736E10
-4.453101443679952E10
-4.4776836868433876E10
-4.4973538019497375E10
-4.512080510579864E10
-4.521837923073718E10
-4.526605583635098E10
-4.526368509583035E10
-4.521117224681945E10
-4.5108477864888916E10
-4.495561807662671E10
-4.47526647118586E10
-4.449974539457489E10
-4.419704357220634E10
-4.384479848295868E10
-4.344330506098306E10
-4.299291377922758E10
-4.2494030429883766E10
-4.194711584241115E10
-4.13526855391923E10
-4.071130932894078E10
-4.00236108380543E10
-3.929026698017571E10
-3.851200736429463E10
-3.768961364179291E10
-3.682391879290722E10
-3.591580635315228E10
-3.4966209580317795E10
-3.397611056272195E10
-3.294653926947328E10
-3.187857254356135E10
-3.0773333038664833E10
-2.9631988100632996E10
-2.8455748594663322E10
-2.724586767926398E10
-2.6003639528154873E10
-2.4730398001325153E10
-2.3427515266528217E10
-2.209640037255711E10
-2.0738497775704144E10
-1.9355285820868023E10
-1.794827517883013E10
-1.6519007241278215E10
-1.5069052475211298E10
-1.3600008738413263E10
-1.2113499557734802E10
-1.061117237197388E10
-9.094696741193624E9
-7.565762524363418E9
-6.026078027254018E9
-4.477368122560625E9
-2.9213723442688437E9
-1.3598429583175156E9
2.0545698835070664E8
1.7727556382255087E9
3.340274310993739E9
4.906229506444697E9
6.468834920299791E9
8.026303470724981E9
9.576849333261374E9
1.1118689981888672E10
1.2650048233918129E10
1.4169154296396002E10
1.5674247811685534E10
1.7163579899885038E10
1.8635415195731865E10
2.0088033877636875E10
2.1519733686491566E10
2.2928831931890205E10
2.4313667483412174E10
2.5672602744615498E10
2.700402560740071E10
2.830635138441542E10
2.957802471718372E10
3.0817521457661175E10
3.202335052093539E10
3.319405570681423E10
3.43282174880685E10
3.542445476312337E10
3.648142657102296E10
3.7497833766525444E10
3.847242065322133E10
3.9403976572605896E10
4.029133744707739E10
4.1133387274875854E10
4.192905957502341E10
4.2677338780374954E10
4.3377261576939316E10
4.402791818768372E10
4.462845359909034E10
4.51780687287914E10
4.567602153266955E10
4.612162804987241E10
4.6514263384255E10
4.685336262082993E10
4.713842167587442E10
4.736899807941304E10
4.754471168886834E10
4.7665245332745056E10
4.7730345383290146E10
4.7739822257148186E10
4.769355084311114E10
4.759147085614208E10
4.7433587116934685E10
4.72199697563537E10
4.695075434418641E10
4.662614194172077E10
4.624639907775286E10
4.581185764771425E10
4.5322914735698296E10
4.478003235925408E10
4.418373713690659E10
4.353461987845263E10
4.283333509817274E10
4.208060045119111E10
4.127719609330709E10
4.0423963964713585E10
3.95218069981096E10
3.8571688251805954E10
3.757462996851472E10
3.6531712560604095E10
3.544407352269157E10
3.431290627253822E10
3.313945892129697E10
3.1925032974256424E10
3.0670981963310123E10
2.9378710012468124E10
2.8049670337813957E10
2.6685363683394875E10
2.5287336694616962E10
2.385718023079885E10
2.239652761861855E10
2.090705284826699E10
1.9390468714199276E10
1.784852490245028E10
1.6283006026554785E10
1.4695729614184189E10
1.3088544046681183E10
1.1463326453741245E10
9.821980565554794E9
8.166434524786486E9
6.498638660828292E9
4.82056322882056E9
3.134196115990198E9
1.441540517907273E9
-2.553874126892937E8
-1.9545609417998407E9
-3.6539451520652747E9
-5.351499359880537E9
-7.0451795489018545E9
-8.73294081709526E9
-1.041273983444293E10
-1.2082537308396286E10
-1.3740300454140541E10
-1.5384005466714455E10
-1.7011639992011696E10
-1.862120559367624E10
-2.0210720212893803E10
-2.177822061807454E10
-2.332176484141886E10
-2.483943459935877E10
-2.6329337693870903E10
-2.7789610391665398E10
-2.921841977826581E10
-3.0613966084010544E10
-3.197448497902485E10
-3.3298249834234932E10
-3.4583573945521805E10
-3.582881271814231E10
-3.70323658085782E10
-3.819267922101122E10
-3.930824735566299E10
-4.03776150062826E10
-4.139937930411311E10
-4.2372191605719124E10
-4.329475932211287E10
-4.41658476866746E10
-4.4984281459424736E10
-4.57489465652704E10
-4.645879166391749E10
-4.711282964921101E10
-4.771013907574122E10
-4.824986551063094E10
-4.873122280850066E10
-4.915349430769135E10
-4.951603394591207E10
-4.981826729356874E10
-5.005969250312253E10
-5.0239881172921074E10
-5.035847912404288E10
-5.041520708879483E10
-5.0409861309604546E10
-5.034231404715315E10
-5.0212513996700226E10
-5.0020486611660385E10
-4.976633433360078E10
-4.94502367279402E10
-4.907245052474327E10
-4.863330956411762E10
-4.8133224645837616E10
-4.757268328293485E10
-4.695224935911361E10
-4.6272562689967804E10
-4.553433848809576E10
-4.473836673232874E10
-4.388551144140981E10
-4.297670985258019E10
-4.201297150565121E10
-4.099537723326078E10
-3.992507805813396E10
-3.88032939982876E10
-3.76313127812391E10
-3.641048846839841E10
-3.514223999094111E10
-3.382804959857812E10
-3.2469461222753883E10
-3.1068078755920506E10
-2.962556424864914E10
-2.814363602645233E10
-2.662406672830189E10
-2.506868126893569E10
-2.3479354727153816E10
-2.185801016240923E10
-2.020661636210077E10
-1.8527185522076286E10
-1.6821770862951468E10
-1.5092464184944605E10
-1.3341393364019737E10
-1.1570719792219563E10
-9.782635765155552E9
-7.9793618197053585E9
-6.163144025047067E9
-4.3362512302356205E9
-2.5009722715991583E9
-6.596131433014582E8
1.1855058655184813E9
3.0320530635579405E9
4.877688276584485E9
6.720065789511279E9
8.556837307684111E9
1.0385654933706457E10
1.220417415608925E10
1.4010056845976837E10
1.5800974258169968E10
1.757461003264074E10
1.9328663192713043E10
2.106085113606562E10
2.276891261470301E10
2.445061070003291E10
2.610373572918639E10
2.772610822872046E10
2.931558181185033E10
3.0870046045371674E10
3.2387429282451054E10
3.3865701457485657E10
3.5302876839261345E10
3.669701673867109E10
3.804623216729368E10
3.934868644317568E10
4.060259774020749E10
4.18062415775371E10
4.2957953245523224E10
4.405613016479167E10
4.509923417502682E10
4.60857937502017E10
4.7014406137027664E10
4.788373941348576E10
4.869253446438828E10
4.943960687100947E10
5.012384871191942E10
5.074423027225447E10
5.129980165876087E10
5.178969431805615E10
5.221312245566415E10
5.256938435349513E10
5.285786358356169E10
5.3078030115843704E10
5.32294413183422E10
5.331174284749135E10
5.3324669427230736E10
5.326804551517593E10
5.314178585446396E10
5.2945895909992004E10
5.268047218791127E10
5.2345702437384796E10
5.194186573376625E10
5.146933244250752E10
5.092856406325539E10
5.032011295375166E10
4.964462193330688E10
4.890282376577431E10
4.809554052210926E10
4.722368282275727E10
4.628824896027444E10
4.529032390274298E10
4.42310781787055E10
4.311176664450155E10
4.193372713505039E10
4.06983789992834E10
3.940722152158894E10
3.806183223079073E10
3.666386509833811E10
3.5215048627542885E10
3.3717183835851788E10
3.2172142132296932E10
3.0581863092417572E10
2.894835213309551E10
2.7273678089893383E10
2.555997069962916E10
2.3809417991061665E10
2.202426358670063E10
2.0206803918890133E10
1.8359385363446358E10
1.6484401294259224E10
1.4584289062392263E10
1.2661526903335947E10
1.0718630776186518E10
8.758151138634851E9
6.782669661757835E9
4.794795888708135E9
2.7971638414966936E9
7.924285801558702E8
-1.2167372813405766E9
-3.2276470979413476E9
-5.23760375062844E9
-7.243903233166098E9
-9.243838263812778E9
-1.1234701917260635E10
-1.3213791272012661E10
-1.517841106835936E10
-1.712587737207471E10
-1.9053521238915516E10
-2.0958692374978836E10
-2.2838762787949394E10
-2.4691130424252563E10
-2.651322278711898E10
-2.8302500530563805E10
-3.0056461024287563E10
-3.177264188451611E10
-3.34486244658147E10
-3.5082037308935486E10
-3.667055953978893E10
-3.821192421466769E10
-3.970392160689644E10
-4.114440243013304E10
-4.253128099360482E10
-4.3862538284629524E10
-4.513622497384242E10
-4.6350464338630264E10
-4.750345510035814E10
-4.859347417106766E10
-4.9618879305423584E10
-5.057811165379098E10
-5.146969821243668E10
-5.229225416696644E10
-5.304448512523273E10
-5.3725189236078316E10
-5.433325919041592E10
-5.486768410128584E10
-5.532755125968022E10
-5.571204776307469E10
-5.6020462013765854E10
-5.625218508427525E10
-5.640671194724799E10
-5.6483642567446E10
-5.648268285361242E10
-5.640364546816424E10
-5.624645049285486E10
-5.601112594873686E10
-5.569780816894709E10
-5.530674202303159E10
-5.483828099172628E10
-5.429288709131039E10
-5.3671130646853516E10
-5.297368991388312E10
-5.2201350548207375E10
-5.135500492383808E10
-5.043565129916961E10
-4.944439283178233E10
-4.838243644245228E10
-4.725109152916278E10
-4.605176853212807E10
-4.478597735105304E10
-4.345532561606756E10
-4.2061516813986755E10
-4.06063482717616E10
-3.909170899919506E10
-3.751957739320922E10
-3.589201880615648E10
-3.4211182980873936E10
-3.247930135538366E10
-3.0698684240341965E10
-2.887171787253887E10
-2.7000861347943047E10
-2.5088643437978462E10
-2.3137659292905727E10
-2.1150567036363754E10
-1.913008425530549E10
-1.7078984389734816E10
-1.5000093026819956E10
-1.2896284104121664E10
-1.0770476026831776E10
-8.625627704069109E9
-6.464734509424999E9
-4.290824171089643E9
-2.1069525970226767E9
8.380035924319425E7
2.27833518645843E9
4.473537051354708E9
6.666280176263341E9
8.85343225263692E9
1.1031858884369333E10
1.3198428054729647E10
1.53500146106541E10
1.7483504758077503E10
1.9595800561931164E10
2.1683824444388958E10
2.3744523674906532E10
2.5774874845571075E10
2.777188832526058E10
2.9732612686102276E10
3.165413909571994E10
3.353360566876911E10
3.536820177127815E10
3.71551722713413E10
3.889182172974756E10
4.057551852417678E10
4.220369890065074E10
4.3773870945993675E10
4.52836184751322E10
4.673060482715009E10
4.811257656410766E10
4.9427367066739784E10
5.067290002125955E10
5.1847192791617E10
5.294835967169376E10
5.3974615012054855E10
5.492427621602773E10
5.579576660003681E10
5.658761811328759E10
5.729847391206925E10
5.792709078412708E10
5.8472341418746765E10
5.893321651839064E10
5.930882674793193E10
5.959840451774553E10
5.980130559713412E10
5.991701055479463E10
5.994512602326321E10
5.9885385784515785E10
5.973765167414627E10
5.950191430179464E10
5.917829358575294E10
5.8767039099937325E10
5.8268530231679344E10
5.768327614905837E10
5.701191557677026E10
5.625521637980293E10
5.541407495446926E10
5.448951542662902E10
5.348268865721589E10
5.239487105547121E10
5.122746320057367E10
4.998198827264196E10
4.866009029437674E10
4.7263532184896805E10
4.579419362761347E10
4.425406875427486E10
4.2645263647598946E10
4.096999366519934E10
3.923058058779117E10
3.742944959494533E10
3.556912607193723E10
3.365223225151095E10
3.1681483694650444E10
2.96596856147164E10
2.7589729049569088E10
2.5474586886554886E10
2.331730974548552E10
2.1121021724984707E10
1.8888916017816345E10
1.6624250401040861E10
1.4330342607071875E10
1.2010565581923306E10
9.668342637147057E9
7.307142502163209E9
4.930474283877743E9
2.541882340666885E9
1.4494107798191306E8
-2.2567503270067472E9
-4.659573264152314E9
-7.05989508474289E9
-9.454074543728706E9
-1.1838467281789883E10
-1.4209431339157389E10
-1.6563332692999489E10
-1.889655081009732E10
-2.120548420645653E10
-2.3486556005437298E10
-2.5736219485932896E10
-2.7950963612087234E10
-3.012731853601478E10
-3.226186106497215E10
-3.4351220084429413E10
-3.6392081928500916E10
-3.838119568922058E10
-4.031537845618462E10
-4.2191520478136375E10
-4.400659023813226E10
-4.57576394340065E10
-4.744180785594299E10
-4.905632815306778E10
-5.0598530481093E10
-5.2065847023174416E10
-5.345581637628825E10
-5.476608779559019E10
-5.599442528938884E10
-5.713871155754826E10
-5.8196951766328835E10
-5.916727715288268E10
-6.0047948452838715E10
-6.083735914464316E10
-6.153403850456361E10
-6.213665446651804E10
-6.264401628115478E10
-6.305507696888405E10
-6.336893556184748E10
-6.358483913010664E10
-6.370218458763661E10
-6.372052027402442E10
-6.3639547308094574E10
-6.345912071001488E10
-6.317925028877435E10
-6.2800101292270996E10
-6.232199481760025E10
-6.174540797949414E10
-6.107097383522645E10
-6.029948106466969E10
-5.943187340456517E10
-5.846924883644694E10
-5.741285852804401E10
-5.6264105528371475E10
-5.502454321711052E10
-5.369587350926807E10
-5.227994481649946E10
-5.0778749766870544E10
-4.919442268522901E10
-4.752923683674743E10
-4.578560143659246E10
-4.3966058429064445E10
-4.207327903993931E10
-4.011006010612944E10
-3.80793201871611E10
-3.598409546334264E10
-3.3827535425869724E10
-3.1612898364480057E10
-2.934354665863015E10
-2.7022941878520115E10
-2.465463970263837E10
-2.2242284658836105E10
-1.978960469627056E10
-1.7300405595876354E10
-1.4778565227334219E10
-1.2228027660806488E10
-9.652797141997442E9
-7.056931939374082E9
-4.444538072648166E9
-1.8197629318730865E9
8.13211203251226E8
3.450173734046153E9
6.086892393463822E9
8.71911996640953E9
1.134260106936615E10
1.3953078978742418E10
1.6546302497215836E10
1.9118032847205765E10
2.1664050580493805E10
2.4180162492906902E10
2.6662208532894043E10
2.9106068692760426E10
3.1507669871273663E10
3.3862992696325138E10
3.616807829631641E10
3.841903500894568E10
4.0612045016092896E10
4.27433708935441E10
4.480936206435665E10
4.6806461144746376E10
4.873121017147609E10
5.05802566998421E10
5.235035976149115E10
5.403839567145472E10
5.564136367396092E10
5.715639141677569E10
5.858074024403486E10
5.991181029775702E10
6.1147145418472595E10
6.228443783566852E10
6.3321532639028694E10
6.425643202174855E10
6.508729928751664E10
6.58124626130875E10
6.6430418558716866E10
6.69398353190929E10
6.7339555707774864E10
6.762859986854239E10
6.780616770746509E10
6.787164103992149E10
6.782458544722899E10
6.766475183799112E10
6.7392077709725105E10
6.700668810679976E10
6.650889627119176E10
6.589920398305559E10
6.5178301588598595E10
6.434706771325695E10
6.340656865868E10
6.2358057482548775E10
6.12029727607782E10
5.994293703218182E10
5.857975492621046E10
5.711541097491268E10
5.555206711080348E10
5.389205985286747E10
5.213789718346364E10
5.029225511943886E10
4.835797398129639E10
4.633805436480248E10
4.423565281994791E10
4.205407724271081E10
3.979678198559236E10
3.7467362693415245E10
3.506955087138716E10
3.2607208192935963E10
3.0084320555318455E10
2.750499189149108E10
2.4873437747206177E10
2.219397863276164E10
1.9471033159283638E10
1.6709110969860704E10
1.3912805476272097E10
1.1086786412463068E10
8.235792216313641E9
5.364622251624929E9
2.478128882607172E9
-4.187905865044029E8
-3.321202093756588E9
-6.224143110455271E9
-9.12263102727647E9
-1.2011671621712925E10
-1.4886267592817087E10
-1.7741427148982857E10
-2.0572172634312626E10
-2.337354917894381E10
-2.614063335856038E10
-2.8868541848190674E10
-3.1552440055293198E10
-3.4187550717057648E10
-3.676916244679955E10
-3.929263821430371E10
-4.175342374497465E10
-4.414705582268153E10
-4.646917048124083E10
-4.871551106956233E10
-5.0881936175593544E10
-5.296442739433319E10
-5.495909692534753E10
-5.6862194985412834E10
-5.8670117022123474E10
-6.037941071454791E10
-6.198678274728433E10
-6.348910534456264E10
-6.488342255136099E10
-6.61669562488518E10
-6.7337111891863884E10
-6.839148395644434E10
-6.932786108602452E10
-7.014423092513919E10
-7.083878463011606E10
-7.140992104664308E10
-7.185625054463353E10
-7.217659850134256E10
-7.23700084242429E10
-7.243574470574133E10
-7.237329500241013E10
-7.218237223201855E10
-7.186291618227698E10
-7.141509472584999E10
-7.083930463685413E10
-7.013617200472871E10
-6.930655224205412E10
-6.835152968359013E10
-6.727241677451553E10
-6.6070752846568596E10
-6.474830248151471E10
-6.330705346210157E10
-6.174921431140215E10
-6.007721142219039E10
-5.829368577874237E10
-5.640148927420613E10
-5.44036806274337E10
-5.230352090391956E10
-5.010446864623785E10
-4.781017462011551E10
-4.542447618301918E10
-4.295139128286746E10
-4.039511209520734E10
-3.7759998307911026E10
-3.50505700631577E10
-3.227150056716021E10
-2.9427608378780273E10
-2.652384938884432E10
-2.356530850262526E10
-2.0557191038591473E10
-1.7504813857142067E10
-1.441359623364548E10
-1.1289050490675611E10
-8.136772404894654E9
-4.962431404563278E9
-1.7717605741657848E9
1.4294535168810022E9
4.6353811440121E9
7.840159897942682E9
1.1037905277493824E10
1.4222721386202002E10
1.738871171376245E10
2.0529989983052364E10
2.3640691043208336E10
2.6714981788994843E10
2.974707208649696E10
3.2731225685002327E10
3.56617710948047E10
3.853311241056525E10
4.1339740059808365E10
4.407624145610675E10
4.673731153652618E10
4.931776316295422E10
5.181253736702936E10
5.421671341851743E10
5.6525518697152115E10
5.873433834816385E10
6.083872470196884E10
6.283440643877514E10
6.471729747918689E10
6.648350558225022E10
6.812934063278439E10
6.965132260028001E10
7.104618915212079E10
7.231090290439732E10
7.344265829412894E10
7.44388880572925E10
7.529726929767516E10
7.60157291322189E10
7.659244989920941E10
7.702587391637773E10
7.731470777673053E10
7.745792617070131E10
7.745477522402052E10
7.730477534153535E10
7.70077235480686E10
7.656369531828975E10
7.597304588847781E10
7.523641104398436E10
7.435470737715347E10
7.332913201142264E10
7.216116178831305E10
7.085255191501675E10
6.940533407130127E10
6.782181397547651E10
6.610456841020336E10
6.425644170996529E10
6.2280541713072655E10
6.018023518212173E10
5.795914269788443E10
5.56211330326597E10
5.317031701016922E10
5.061104086012902E10
4.794787907667052E10
4.518562679081882E10
4.232929166825978E10
3.9384085344639114E10
3.635541441163358E10
3.3248870968015198E10
3.0070222750891262E10
2.6825402863244366E10
2.3520499114815315E10
2.016174299426586E10
1.675549829142545E10
1.330824938926479E10
9.826589246047186E9
6.317207088884061E9
2.786875840662344E9
-7.57560696983495E8
-4.309200881314832E9
-7.861098462780148E9
-1.1406275991400293E10
-1.4937738370150331E10
-1.8448486529741314E10
-2.1931531198751987E10
-2.5379906742654022E10
-2.8786685044916576E10
-3.2144989403067772E10
-3.544800841233313E10
-3.868900980926546E10
-4.186135424762765E10
-4.495850897869066E10
-4.797406140806385E10
-5.090173250118507E10
-5.373539000966329E10
-5.6469061490788475E10
-5.9096947092701065E10
-6.1613432077948425E10
-6.401309905844645E10
-6.629073991521301E10
-6.844136737664427E10
-7.046022622956607E10
-7.234280413780997E10
-7.408484204363573E10
-7.568234412795082E10
-7.713158730595879E10
-7.84291302356049E10
-7.957182181697571E10
-8.055680916164926E10
-8.138154501188353E10
-8.20437945904704E10
-8.254164186307016E10
-8.287349519587569E10
-8.303809239253415E10
-8.30345050953761E10
-8.286214253716446E10
-8.252075463077882E10
-8.201043438548944E10
-8.133161963975044E10
-8.048509410174916E10
-7.947198769028677E10
-7.829377616993178E10
-7.69522800757796E10
-7.544966292456732E10
-7.378842871032755E10
-7.197141868421887E10
-7.000180741963893E10
-6.788309816520568E10
-6.561911748968271E10
-6.321400922441928E10
-6.06722277103751E10
-5.799853035829817E10
-5.519796953212037E10
-5.227588376712461E10
-4.923788833591818E10
-4.608986517671463E10
-4.28379521998788E10
-3.9488531990123085E10
-3.604821992315443E10
-3.252385171695758E10
-2.892247043925824E10
-2.5251312994035614E10
-2.1517796111245903E10
-1.772950186517191E10
-1.389416274802724E10
-1.0019646326612902E10
-6.113939510946844E9
-2.185132464860113E9
1.7585978104259226E9
5.709004187761167E9
9.657786387679111E9
1.3596608180424175E10
1.7517114781873436E10
2.141095040811236E10
2.526977595277166E10
2.908528675064953E10
3.28492303906319E10
3.6553424540485466E10
4.018977474573506E10
4.375029216455091E10
4.7227111200363106E10
5.061250699379222E10
5.389891273543717E10
5.7078936761095146E10
6.014537939110503E10
6.3091249475705124E10
6.5909780608579506E10
6.8594446971134514E10
7.113897877049863E10
7.353737723477466E10
7.578392912969301E10
7.787322076151796E10
7.980015143184557E10
8.155994631080019E10
8.314816869608672E10
8.456073162638594E10
8.579390881868895E10
8.68443449003538E10
8.770906490792876E10
8.838548302612296E10
8.887141054171275E10
8.916506298864883E10
8.926506646217358E10
8.917046308136655E10
8.88807155812062E10
8.8395711016965E10
8.771576356553926E10
8.684161641015247E10
8.577444269675616E10
8.451584555238376E10
8.306785715768533E10
8.143293686788191E10
7.961396837842188E10
7.761425593369582E10
7.54375195792656E10
7.308788946018324E10
7.056989917011232E10
6.7888478158112976E10
6.5048943202108315E10
6.205698896020839E10
5.8918677613225136E10
5.564042761386124E10
5.222900156019432E10
4.869149321319912E10
4.50353136801501E10
4.1268176787820465E10
3.7398083671434906E10
3.3433306607338974E10
2.9382372119311596E10
2.525404339036494E10
2.105730201374214E10
1.6801329118633724E10
1.2495485907883448E10
8.149293646638346E9
3.7724131425122495E9
-6.253762406281037E8
-5.034197991684224E9
-9.44410023920609E9
-1.3845077869892464E10
-1.8227094931272655E10
-2.2580107270026432E10
-2.6894085356392654E10
-3.1159037244213367E10
-3.536503161536136E10
-3.9502220856609245E10
-4.356086411641926E10
-4.753135028866826E10
-5.1404220869974205E10
-5.5170192637060555E10
-5.8820180090486336E10
-6.234531761108256E10
-6.573698127557299E10
-6.898681027811922E10
-7.208672790491771E10
-7.502896200949109E10
-7.780606493695686E10
-8.041093284632495E10
-8.28368243807701E10
-8.507737863684598E10
-8.712663238475392E10
-8.897903649304941E10
-9.062947151256226E10
-9.20732623758206E10
-9.330619216990099E10
-9.432451494237648E10
-9.512496750189803E10
-9.570478017691747E10
-9.606168649814334E10
-9.619393177250536E10
-9.610028051868988E10
-9.57800227366903E10
-9.523297898629027E10
-9.445950425195749E10
-9.346049057426895E10
-9.223736843070718E10
-9.07921068514574E10
-8.912721225869165E10
-8.724572602074101E10
-8.515122071552577E10
-8.284779510062924E10
-8.034006779045634E10
-7.763316964400833E10
-7.473273486992024E10
-7.164489085854384E10
-6.8376246754006226E10
-6.4933880782326805E10
-6.132532635482516E10
-5.7558556969191986E10
-5.364196993371654E10
-4.958436894325999E10
-4.539494553862621E10
-4.108325948400247E10
-3.665921810011412E10
-3.2133054593652195E10
-2.7515305426382618E10
-2.2816786770123154E10
-1.8048570096471443E10
-1.3221956952776848E10
-8.348452978362956E9
-3.4397412174191628E9
1.492345212718561E9
6.435851036992678E9
1.1378727258788681E10
1.6308860051942188E10
2.1214100041897316E10
2.6082291907673935E10
3.0901304234798954E10
3.565905954800884E10
4.03435644513424E10
4.49429398022192E10
4.94454508452453E10
5.3839537230807304E10
5.811384284301335E10
6.2257245361218025E10
6.625888547923139E10
7.010819570636224E10
7.379492867468542E10
7.730918487735367E10
8.064143976339844E10
8.37825701152813E10
8.672387963646907E10
8.945712367751187E10
9.197453303050273E10
9.42688367233898E10
9.633328374739603E10
9.816166365277425E10
9.974832595028557E10
1.0108819825813312E11
1.0217680313660725E11
1.0301027355539955E11
1.0358536694141537E11
1.0389947775795465E11
1.039506485693316E11
1.0373757954836089E11
1.0325963638764299E11
1.0251685657922954E11
1.0150995403103131E11
1.0024032199224074E11
9.871003426406808E10
9.69218446762279E10
9.487918481384952E10
9.258615998381468E10
9.004754341393517E10
8.726876868286359E10
8.425592038317224E10
8.101572302462468E10
7.755552818929356E10
7.388329995483322E10
7.000759860688593E10
6.593756266627347E10
6.1682889261290504E10
5.725381288005832E10
5.266108254250708E10
4.791593743611746E10
4.3030081064056625E10
3.801565395877629E10
3.288520501848942E10
2.7651661528194355E10
2.2328297931058434E10
1.6928703419995037E10
1.1466748423156097E10
5.95655006080442E9
4.124366546149199E8
-5.151088626130948E9
-1.0719384893758669E10
-1.6277711356080524E10
-2.1811265721360207E10
-2.730522309815337E10
-3.27447752914112E10
-3.8115170394062294E10
-4.340175257135781E10
-4.859000193358494E10
-5.366557439133117E10
-5.861434138632561E10
-6.342242938999893E10
-6.807625906129804E10
-7.25625839549694E10
-7.686852867149289E10
-8.098162634010759E10
-8.4889855326929E10
-8.858167506101234E10
-9.204606087237509E10
-9.527253773745108E10
-9.825121282921167E10
-1.0097280677125386E11
-1.0342868349752126E11
-1.0561087862198827E11
-1.0751212622559805E11
-1.0912588397099721E11
-1.1044635645914926E11
-1.1146851674573042E11
-1.1218812593930702E11
-1.1260175080765807E11
-1.127067793232306E11
-1.1250143408358965E11
-1.119847835478402E11
-1.1115675103534457E11
-1.1001812143862292E11
-1.085705456080955E11
-1.0681654237229051E11
-1.0475949816328519E11
-1.0240366422345784E11
-9.975415137608826E10
-9.68169223489378E10
-9.359878164665303E10
-9.010736297464839E10
-8.635111422402032E10
-8.233928003400513E10
-7.80818819555005E10
-7.358969624620517E10
-6.88742293349731E10
-6.394769100001003E10
-5.882296531253789E10
-5.351357940449978E10
-4.803367012575184E10
-4.2397948662968735E10
-3.662166319915618E10
-3.0720559699196087E10
-2.471084091322648E10
-1.860912369585942E10
-1.2432394745244982E10
-6.197964871777897E9
7.657808820408589E7
6.373417593084345E9
1.2674557825326103E10
1.8961874099129147E10
2.521716411157056E10
3.1422199898327076E10
3.755878035133389E10
4.3608784152353745E10
4.955422297342622E10
5.5377294792554886E10
6.106043717078253E10
6.658638033501548E10
7.193819990959766E10
7.709936913871494E10
8.205381044123944E10
8.678594613961E10
9.128074820479663E10
9.55237868603189E10
9.950127788968457E10
1.032001284934911E11
1.0660798154478716E11
1.0971325809412811E11
1.1250519797907507E11
1.1497389839667998E11
1.1711035030176627E11
1.1890647249854921E11
1.2035514329833612E11
1.2145022962169621E11
1.2218661342958237E11
1.2256021537441135E11
1.2256801556905371E11
1.2220807137903258E11
1.2147953215096959E11
1.2038265079842625E11
1.1891879217475299E11
1.1709043817135605E11
1.1490118948890228E11
1.1235576403838153E11
1.0945999193861188E11
1.0622080708667926E11
1.0264623528792332E11
9.874537894238934E10
9.452839829513155E10
9.000648926834883E10
8.51918579040274E10
8.009769145652634E10
7.47381261853391E10
6.912821190906384E10
6.3283873392385185E10
5.722186864857567E10
5.095974425063295E10
4.451578775464397E10
3.790897734927545E10
3.1158928855396633E10
2.4285840209709923E10
1.7310433575864304E10
1.0253895235819681E10
3.137813423184653E9
-4.015885731168682E9
-1.1185003962734001E10
-1.8347138160028294E10
-2.5479748980794643E10
-3.256023059750052E10
-3.9565981365645035E10
-4.647447520271047E10
-5.32633334605006E10
-5.991039706912739E10
-6.639379872706225E10
-7.269203490848178E10
-7.878403745663095E10
-8.464924453011911E10
-9.026767066797368E10
-9.561997573891687E10
-1.0068753254071808E11
-1.0545249281661775E11
-1.0989785145772815E11
-1.1400750866299837E11
-1.177663298317903E11
-1.2116020296835027E11
-1.2417609338247789E11
-1.2680209547648598E11
-1.290274814151074E11
-1.3084274648232877E11
-1.3223965093720526E11
-1.332112581895233E11
-1.3375196912571056E11
-1.3385755242562886E11
-1.3352517072180162E11
-1.3275340246420091E11
-1.3154225936592296E11
-1.2989319931788425E11
-1.2780913467404433E11
-1.2529443582256859E11
-1.2235492997275003E11
-1.1899789510237352E11
-1.152320490254876E11
-1.1106753355620499E11
-1.0651589376013683E11
-1.0159005230133029E11
-9.630427890907578E10
-9.067415500562556E10
-8.471653355267029E10
-7.844949419129555E10
-7.189229376703671E10
-6.506531234850513E10
-5.7989994864818855E10
-5.068878850367579E10
-4.318507602829791E10
-3.550310518759357E10
-2.766791440966972E10
-1.9705254984219143E10
-1.164150995424831E10
-3.5036099520418687E9
4.681053771879967E9
1.2884718864821375E10
2.1079343658449238E10
2.9236700939460598E10
3.732847340701353E10
4.53263505093847E10
5.320212634304229E10
6.092779828899258E10
6.8475666053919235E10
7.581843077732881E10
8.29292938606854E10
8.97820551704E10
9.635121026356989E10
1.0261204628357208E11
1.0854073617203096E11
1.1411443084432675E11
1.193113489777102E11
1.24110864064255E11
1.2849358838532619E11
1.3244145356997757E11
1.3593778740671788E11
1.3896738658640256E11
1.4151658506361142E11
1.4357331773474997E11
1.4512717914325052E11
1.461694769356278E11
1.466932798067381E11
1.4669345968837137E11
1.4616672795223828E11
1.4511166541645966E11
1.4352874596377884E11
1.4142035359985202E11
1.3879079280107068E11
1.3564629202337926E11
1.319950002664039E11
1.2784697661084111E11
1.2321417267139417E11
1.1811040793251656E11
1.1255133795974573E11
1.0655441550540428E11
1.001388445538228E11
9.332552737790964E10
8.613700470576454E10
7.859738912301144E10
7.073229186351134E10
6.25687431680106E10
5.413510641698092E10
4.5460986270311806E10
3.657713107252032E10
2.751532980764161E10
1.830830391285134E10
8.989594284043362E9
-4.0655617006305367E8
-9.845324046285456E9
-1.9291430637410046E10
-2.8709270374022686E10
-3.806304207802581E10
-4.731688257040914E10
-5.643500215954107E10
-6.538182152145427E10
-7.412210947040048E10
-8.262112110642714E10
-9.084473581696095E10
-9.875959460144263E10
-1.0633323618201051E11
-1.1353423135914006E11
-1.203323150690661E11
-1.2669851559979451E11
-1.3260528042459126E11
-1.3802659811605383E11
-1.4293811581025043E11
-1.47317251698975E11
-1.5114330203892303E11
-1.5439754217954492E11
-1.570633211264781E11
-1.5912614917477853E11
-1.6057377816564578E11
-1.613962739419291E11
-1.615860806013759E11
-1.6113807617228595E11
-1.6004961936390652E11
-1.5832058707347485E11
-1.5595340236320944E11
-1.529530526536801E11
-1.4932709791475598E11
-1.4508566867163306E11
-1.402414536811684E11
-1.3480967717277037E11
-1.2880806558828908E11
-1.2225680379657712E11
-1.1517848080050444E11
-1.0759802499706139E11
-9.954262909461166E10
-9.104166483519853E10
-8.212658771389247E10
-7.283083193132298E10
-6.318969585958146E10
-5.324021834543299E10
-4.302104621804738E10
-3.2572293411064537E10
-2.1935392150556614E10
-1.1152936701148096E10
-2.68520202014047E8
1.0673434837495039E10
2.162785177644473E10
3.2549180174365753E10
4.339158054339123E10
5.41091128166727E10
6.465592780117202E10
7.49864608573486E10
8.505562702536278E10
9.481901679735265E10
1.0423309171826053E11
1.132553789837249E11
1.2184466419284395E11
1.2996118140627367E11
1.375667996562559E11
1.446252050548711E11
1.511020776501618E11
1.5696526218683917E11
1.6218493193912442E11
1.6673374479792392E11
1.705869908130169E11
1.737227304132528E11
1.7612192255390405E11
1.777685420702699E11
1.786496855503381E11
1.7875566507671774E11
1.780800892290841E11
1.7661993078292456E11
1.7437558058833093E11
1.713508871638142E11
1.675531815944723E11
1.6299328738115265E11
1.576855149473334E11
1.5164764057309543E11
1.4490086959055753E11
1.3746978374225833E11
1.2938227267294418E11
1.2066944959579509E11
1.1136555124601134E11
1.0150782230759969E11
9.113638457283382E10
8.029409116790485E10
6.90263662523962E10
5.7381030674079056E10
4.540811413378746E10
3.3159654487446198E10
2.0689484883337875E10
8.053009502049336E9
-4.693031266125416E9
-1.7490805306588104E10
-3.0281641966680187E10
-4.3006292921664154E10
-5.560519964363639E10
-6.801876634464383E10
-8.01876372174686E10
-9.20529767541749E10
-1.0355675188389238E11
-1.1464201463773767E11
-1.2525318402053415E11
-1.353363257463418E11
-1.4483942847800272E11
-1.5371267520016498E11
-1.619087083507717E11
-1.6938288733797086E11
-1.7609353707796417E11
-1.820021862045978E11
-1.8707379362359518E11
-1.9127696211331152E11
-1.9458413770978284E11
-1.969717936566503E11
-1.9842059775023367E11
-1.9891556196653726E11
-1.984461733201974E11
-1.9700650497518616E11
-1.9459530670329718E11
-1.9121607386884836E11
-1.8687709420639706E11
-1.8159147175229462E11
-1.753771273902899E11
-1.6825677557577545E11
-1.6025787691226395E11
-1.5141256636686682E11
-1.4175755702846634E11
-1.3133401943243904E11
-1.201874365986875E11
-1.0836743505482106E11
-9.592759224302524E10
-8.292522083687384E10
-6.942113062245157E10
-5.5479368726024864E10
-4.116693909747228E10
-2.655350228408793E10
-1.171105665252162E10
3.2863976631749263E9
1.8363210692862118E10
3.344244893422814E10
4.8446274415359245E10
6.329633480055735E10
7.79141627289476E10
9.222158248744759E10
1.0614112203943141E11
1.1959642835854605E11
1.32512683954232E11
1.448170224221415E11
1.564389408093826E11
1.6731070655185056E11
1.773677567193113E11
1.8654908729379178E11
1.9479763020858942E11
2.020606158891548E11
2.082899190634982E11
2.134423856488279E11
2.174801385729953E11
2.203708604540772E11
2.220880511390875E11
2.2261125819332037E11
2.2192627853506134E11
2.2002532952615863E11
2.1690718795695166E11
2.1257729550395535E11
2.070478293900689E11
2.003377371394154E11
1.9247273449163846E11
1.8348526572293173E11
1.7341442581251978E11
1.623058440929439E11
1.5021152922945175E11
1.3718967558710156E11
1.2330443126285707E11
1.0862562828289018E11
9.322847569139236E10
7.719321648523106E10
6.060474957753588E10
4.355221820147514E10
2.612856639176493E10
8.430065404483507E9
-9.444187845838068E9
-2.739279804051296E10
-4.531262190612752E10
-6.3099339166788155E10
-8.064804112108673E10
-9.785383379157173E10
-1.1461245243344836E11
-1.3082088404256302E11
-1.4637799437176413E11
-1.6118515585073163E11
-1.7514687270853192E11
-1.8817139952162003E11
-2.001713493538322E11
-2.1106428762006464E11
-2.207733077926928E11
-2.2922758508013092E11
-2.3636290424091815E11
-2.4212215775489642E11
-2.4645581065582532E11
-2.4932232843744345E11
-2.5068856457766895E11
-2.5053010438332507E11
-2.4883156204031342E11
-2.4558682796121365E11
-2.4079926375337708E11
-2.3448184238505002E11
-2.2665723140408664E11
-2.173578173624003E11
-2.0662566991829272E11
-1.9451244442685904E11
-1.8107922218429385E11
-1.66396287863451E11
-1.5054284406361127E11
-1.3360666329510484E11
-1.1568367812708304E11
-9.687751064206538E10
-7.729894276149217E10
-5.7065329429860565E10
-3.629995706847076E10
-1.513135013061784E10
6.307470994591768E9
2.787977707563858E10
4.944595807937028E10
7.086438772795679E10
9.199231977673909E10
1.1268681087392227E11
1.328056645425827E11
1.5220839053120978E11
1.707571735138617E11
1.8831784488777957E11
2.047608512176608E11
2.199622127142996E11
2.3380446501336847E11
2.4617757743996692E11
2.5697984090823972E11
2.661187186146783E11
2.7351165274023874E11
2.790868204814458E11
2.827838328852333E11
2.8455437016711597E11
2.843627474478049E11
2.8218640514962616E11
2.7801631865080304E11
2.7185732220214874E11
2.6372834256597495E11
2.5366253833962012E11
2.4170734147413858E11
2.279243980901524E11
2.1238940632504712E11
1.9519184961557767E11
1.764346245241406E11
1.56233562951667E11
1.3471684934112918E11
1.1202433425849101E11
8.830674653768542E10
6.372480698765343E10
3.8448247477108086E10
1.2654740030692648E10
-1.3471258617463795E10
-3.973974076639277E10
-6.595645275871752E10
-9.192426347339595E10
-1.1744458778988718E11
-1.423188558258041E11
-1.6635001810816028E11
-1.893440762481375E11
-2.111116281574668E11
-2.314694163774421E11
-2.5024186769547803E11
-2.6726261190489914E11
-2.8237596732690546E11
-2.954383805645943E11
-3.063198079022759E11
-3.1490502580333795E11
-3.2109485810025037E11
-3.2480730771399335E11
-3.259785810895947E11
-3.245639939911863E11
-3.2053874786487415E11
-3.1389856665075903E11
-3.046601847057719E11
-2.928616773848253E11
-2.7856262681639966E11
-2.6184411649639954E11
-2.428085495062527E11
-2.2157928643210977E11
-1.9830010041497003E11
-1.731344481889264E11
-1.4626455745784146E11
-1.1789033251000992E11
-8.822808156517413E10
-5.750907097719028E10
-2.5977913066394676E10
6.109203984784207E9
3.8486434084977486E10
7.088032731283366E10
1.0301200679830672E11
1.3459945353214302E11
1.653598827443904E11
1.9501219408927618E11
2.232794765679393E11
2.4989154792824973E11
2.745875072180999E11
2.971182782505616E11
3.172491209811105E11
3.347620872130102E11
3.49458396650361E11
3.6116070912170337E11
3.6971526881169586E11
3.749938965741935E11
3.768958068654626E11
3.7534922653803864E11
3.703127936787825E11
3.617767158619665E11
3.4976366862053766E11
3.343294166146243E11
3.155631418920629E11
2.935874657849297E11
2.6855815335991385E11
2.4066349192737558E11
2.101233378999239E11
1.771878292594607E11
1.4213576402228754E11
1.0527264836281964E11
6.6928421442824814E10
2.745486746750222E10
-1.277727097768626E10
-5.3381460696817055E10
-9.395880559670439E10
-1.341017096737979E11
-1.7339774718046722E11
-2.11433708572663E11
-2.4779978769825558E11
-2.820938727444711E11
-3.139259007648881E11
-3.4292223319245874E11
-3.6873000765549915E11
-3.91021419688094E11
-4.094978866029782E11
-4.238940449098347E11
-4.339815322487615E11
-4.3957250489810486E11
-4.405228425351147E11
-4.367349931000769E11
-4.281604123582963E11
-4.14801555083021E11
-3.967133777040394E11
-3.740043157831132E11
-3.4683670378403143E11
-3.154266092904057E11
-2.800430590696637E11
-2.4100664016082043E11
-1.9868746544253204E11
-1.5350249987478168E11
-1.0591225075242494E11
-5.641683280386162E10
-5.551426747527636E9
4.611884209074739E10
9.800457037606667E10
1.494982456924133E11
1.9998086680363855E11
2.4882895629260318E11
2.954218989226262E11
3.3914953173107587E11
3.7941990500966547E11
4.156671270641912E11
4.473592000931861E11
4.740057497947548E11
4.951655475160531E11
5.104537210091536E11
5.195485482537131E11
5.221977284471468E11
5.1822402523427527E11
5.075301796272669E11
4.901029939172328E11
4.660164932506972E11
4.3543407847079376E11
3.98609592319844E11
3.5588723116269696E11
3.0770024599330817E11
2.54568389582286E11
1.9709408113836032E11
1.3595727569476277E11
7.190904246942302E10
5.763874536443247E9
-6.160922889017085E10
-1.2929684662308325E11
-1.96352305099417E11
-2.618078321163792E11
-3.246875732203125E11
-3.840213294543748E11
-4.3885885605675415E11
-4.8828454361775073E11
-5.314322864955807E11
-5.67500328311529E11
-5.957658614535687E11
-6.155991470715182E11
-6.264769143977909E11
-6.279947937151661E11
-6.198785362376133E11
-6.01993776867488E11
-5.743541025054657E11
-5.3712719954169794E11
-4.9063886952400476E11
-4.353747219028807E11
-3.7197937725299054E11
-3.012530434566259E11
-2.2414536091999765E11
-1.4174645080938968E11
-5.5275142283911125E10
3.3935599585476177E10
1.244559745321313E11
2.1477925404873605E11
3.033441183855662E11
3.885591922639355E11
4.68829492356879E11
5.425844444218579E11
6.083070742827369E11
6.645639257562737E11
7.100352112748569E11
7.435446585985828E11
7.640884808989832E11
7.708628689141611E11
7.632893840962029E11
7.410376219422874E11
7.0404451620937E11
6.525296685600194E11
5.870061153558837E11
5.082859846339991E11
4.174805524094825E11
3.159942787605684E11
2.0551249082085858E11
8.798248168294415E10
-3.44120891726401E10
-1.5928347781568753E11
-2.840786609310103E11
-4.0612435066209937E11
-5.226777429161124E11
-6.30982353545241E11
-7.283281242836288E11
-8.121148080010862E11
-8.799174746641414E11
-9.295528197158793E11
-9.591448101163917E11
-9.671880750599675E11
-9.526073436810548E11
-9.148111563084562E11
-8.537380344989299E11
-7.698932935647166E11
-6.643747247589171E11
-5.388854674535021E11
-3.95732538709084E11
-2.3780969198154684E11
-6.856354072731356E10
1.0805779247968492E11
2.876738553153615E11
4.6555878361239233E11
6.367453692880767E11
7.961451426324775E11
9.386827460007294E11
1.0594422594412035E12
1.1538225066524937E12
1.2176977382190715E12
1.2475794773936204E12
1.240774743512463E12
1.1955353636936284E12
1.1111926712429358E12
9.882715974605553E11
8.285780218270514E11
6.352532839072642E11
4.127900084179532E11
1.670038809648648E11
-9.504323859349414E10
-3.651724441750508E11
-6.342713980986326E11
-8.925330365147095E11
-1.1297480242075947E12
-1.3356473816441213E12
-1.500289210389258E12
-1.6144807308399526E12
-1.670223983197275E12
-1.6611706142132732E12
-1.583068286714075E12
-1.4341785383513396E12
-1.2156435370880125E12
-9.317773142836384E11
-5.902559050706807E11
-2.021806124463428E11
2.180104272434086E11
6.528048206360991E11
1.082071041878245E12
1.483718594277337E12
1.834567711217578E12
2.1114229091339548E12
2.2923322618021655E12
2.357999628305282E12
2.293300446130657E12
2.088833494833479E12
1.7424218786108757E12
1.26045728625257E12
6.589636177211324E11
-3.575904344519755E10
-7.870593154939722E11
-1.5485801897808984E12
-2.265769676237264E12
-2.8783789444378247E12
-3.3240310403504536E12
-3.542881952316863E12
-3.4833085438480312E12
-3.1084409853808975E12
-2.4032081326446963E12
-1.381382050747097E12
-9.189499984319753E10
1.3765338658557683E12
2.893669034876837E12
4.2903595012013525E12
5.36706886816033E12
5.909974097437047E12
5.716090591672936E12
4.628336517593665E12
2.5803406583217964E12
-3.5115511570875195E11
-3.8916295117838076E12
-7.522102227033257E12
-1.0457989849553129E13
-1.168143976635286E13
-1.0069136987987412E13
-4.674963297833387E12
4.755765746681617E12
1.6959106096526195E13
2.797936361964914E13
2.984332097656576E13
1.0071645673019895E13
-4.433055922098509E13
-1.2587767131824988E14
-1.2640072916035592E14
4.237631327853416E14
2.6143257909978055E15
-7.420881637918876E15
-5.7099865792117203E17
1.8419897631320162E19
9.102190027319274E22
-1.1645826837733702E27
-4.595907663819846E34
4.178348257223577E44
9.876952993839881E60
-1.3163827208750198E84
-1.7465832636268108E120
9.788849109237264E172
Infinity
NaN
NaN
NaN
NaN
NaN
NaN
NaN
NaN
NaN
NaN
NaN
NaN
NaN
NaN
NaN
NaN
NaN
NaN
NaN
NaN
NaN
NaN
NaN
NaN
NaN
NaN
NaN
NaN
NaN
NaN
NaN
NaN
NaN
NaN
NaN
NaN
NaN
NaN
NaN
NaN
NaN
NaN
NaN
NaN
NaN
NaN
NaN
NaN
NaN
NaN
NaN
NaN
NaN
NaN
NaN
NaN
NaN
NaN
NaN
NaN
NaN
NaN
NaN
NaN
NaN
NaN
NaN
NaN
NaN
NaN
NaN
NaN
NaN
NaN
NaN
NaN
NaN
NaN
NaN
NaN
NaN
NaN
NaN
NaN
NaN
NaN
NaN
NaN
NaN
NaN
NaN
NaN
NaN
NaN
NaN
NaN
NaN
NaN
NaN
NaN
NaN
NaN
NaN
NaN
NaN
NaN
NaN
NaN
NaN
NaN
NaN
NaN
NaN
NaN
NaN
NaN
NaN
NaN
NaN
NaN
NaN
NaN
NaN
NaN
NaN
NaN
NaN
NaN
NaN
NaN
NaN
NaN
NaN
NaN
NaN
NaN
NaN
NaN
NaN
NaN
NaN
NaN
NaN
NaN
NaN
NaN
NaN
NaN
NaN
NaN
NaN
NaN
NaN
NaN
NaN
NaN
NaN
NaN
NaN
NaN
NaN
NaN
NaN
NaN
NaN
NaN
NaN
NaN
NaN
NaN
NaN
NaN
NaN
NaN
NaN
NaN
NaN
NaN
NaN
NaN
NaN
NaN
NaN
NaN
NaN
NaN
NaN
NaN
NaN
NaN
NaN
NaN
NaN
NaN
NaN
NaN
NaN
NaN
NaN
NaN
NaN
NaN
NaN
NaN
NaN
NaN
NaN
NaN
NaN
NaN
NaN
NaN
NaN
NaN
NaN
NaN
NaN
NaN
NaN
NaN
NaN
NaN
NaN
NaN
NaN
NaN
NaN
NaN
NaN
NaN
NaN
NaN
NaN
NaN
NaN
NaN
NaN
NaN
NaN
NaN
NaN
NaN
NaN
NaN
NaN
NaN
NaN
NaN
NaN
NaN
NaN
NaN
NaN
NaN
NaN
NaN
NaN
NaN
NaN
NaN
NaN
NaN
NaN
NaN
NaN
NaN
NaN
NaN
NaN
NaN
NaN
NaN
NaN
NaN
NaN
NaN
NaN
NaN
NaN
NaN
NaN
NaN
NaN
NaN
NaN
NaN
NaN
NaN
NaN
NaN
NaN
NaN
NaN
NaN
NaN
NaN
NaN
NaN
NaN
NaN
NaN
NaN
NaN
NaN
NaN
NaN
NaN
NaN
NaN
NaN
NaN
NaN
NaN
NaN
NaN
NaN
NaN
NaN
NaN
NaN
NaN
NaN
NaN
NaN
NaN
NaN
NaN
NaN
NaN
NaN
NaN
NaN
NaN
NaN
NaN
NaN
NaN
NaN
NaN
NaN
NaN
NaN
NaN
NaN
NaN
NaN
NaN
NaN
NaN
NaN
NaN
NaN
NaN
NaN
NaN
NaN
NaN
NaN
NaN
NaN
NaN
NaN
NaN
NaN
NaN
NaN
NaN
NaN
NaN
NaN
NaN
NaN
NaN
NaN
NaN
NaN
NaN
NaN
NaN
NaN
NaN
NaN
NaN
NaN
NaN
NaN
NaN
NaN
NaN
NaN
NaN
NaN
NaN
NaN
NaN
NaN
NaN
NaN
NaN
NaN
NaN
NaN
NaN
NaN
NaN
NaN
NaN
NaN
NaN
NaN
NaN
NaN
NaN
NaN
NaN
NaN
NaN
NaN
NaN
NaN
NaN
NaN
NaN
NaN
NaN
NaN
NaN
NaN
NaN
NaN
NaN
NaN
NaN
NaN
NaN
NaN
NaN
NaN
NaN
NaN
NaN
NaN
NaN
NaN
NaN
NaN
NaN
NaN
NaN
NaN
NaN
NaN
NaN
NaN
NaN
NaN
NaN
NaN
NaN
NaN
NaN
NaN
NaN
NaN
NaN
NaN
NaN
NaN
NaN
NaN
NaN
NaN
NaN
NaN
NaN
NaN
NaN
NaN
NaN
NaN
NaN
NaN
NaN
NaN
NaN
NaN
NaN
NaN
NaN
NaN
NaN
NaN
NaN
NaN
NaN
NaN
NaN
NaN
NaN
NaN
NaN
NaN
NaN
NaN
NaN
NaN
NaN
NaN
NaN
NaN
NaN
NaN
NaN
NaN
NaN
NaN
NaN
NaN
NaN
NaN
NaN
NaN
NaN
NaN
NaN
NaN
NaN
NaN
NaN
NaN
NaN
NaN
NaN
NaN
NaN
NaN
NaN
NaN
NaN
NaN
NaN
NaN
NaN
NaN
NaN
NaN
NaN
NaN
NaN
NaN
NaN
NaN
NaN
NaN
NaN
NaN
NaN
NaN
NaN
NaN
NaN
NaN
NaN
NaN
NaN
NaN
NaN
NaN
NaN
NaN
NaN
NaN
NaN
NaN
NaN
NaN
NaN
NaN
NaN
NaN
NaN
NaN
NaN
NaN
NaN
NaN
NaN
NaN
NaN
NaN
NaN
NaN
NaN
NaN
NaN
NaN
NaN
NaN
NaN
NaN
NaN
NaN
NaN
NaN
NaN
NaN
NaN
NaN
NaN
NaN
NaN
NaN
NaN
NaN
NaN
NaN
NaN
NaN
NaN
NaN
NaN
NaN
NaN
NaN
NaN
NaN
NaN
NaN
NaN
NaN
NaN
NaN
NaN
NaN
NaN
NaN
NaN
NaN
NaN
NaN
NaN
NaN
NaN
NaN
NaN
NaN
NaN
NaN
NaN
NaN
NaN
NaN
NaN
NaN
NaN
NaN
NaN
NaN
NaN
NaN
NaN
NaN
NaN
NaN
NaN
NaN
NaN
NaN
NaN
NaN
NaN
NaN
NaN
NaN
NaN
NaN
NaN
NaN
NaN
NaN
NaN
NaN
NaN
NaN
NaN
NaN
NaN
NaN
NaN
NaN
NaN
NaN
NaN
NaN
NaN
NaN
NaN
NaN
NaN
NaN
NaN
NaN
NaN
NaN
NaN
NaN
NaN
NaN
NaN
NaN
NaN
NaN
NaN
NaN
NaN
NaN
NaN
NaN
NaN
NaN
NaN
NaN
NaN
NaN
NaN
NaN
NaN
NaN
NaN
NaN
NaN
NaN
NaN
NaN
NaN
NaN
NaN
NaN
NaN
NaN
NaN
NaN
NaN
NaN
NaN
NaN
NaN
NaN
NaN
NaN
NaN
NaN
NaN
NaN
NaN
NaN
NaN
NaN
NaN
NaN
NaN
NaN
NaN
NaN
NaN
NaN
NaN
NaN
NaN
NaN
NaN
NaN
NaN
NaN
NaN
NaN
NaN
NaN
NaN
NaN
NaN
NaN
NaN
NaN
NaN
NaN
NaN
NaN
NaN
NaN
NaN
NaN
NaN
NaN
NaN
NaN
NaN
NaN
NaN
NaN
NaN
NaN
NaN
NaN
NaN
NaN
NaN
NaN
NaN
NaN
NaN
NaN
NaN
NaN
NaN
NaN
NaN
NaN
NaN
NaN
NaN
NaN
NaN
NaN
NaN
NaN
NaN
NaN
NaN
NaN
NaN
NaN
NaN
NaN
NaN
NaN
NaN
NaN
NaN
NaN
NaN
NaN
NaN
NaN
NaN
NaN
NaN
NaN
NaN
NaN
NaN
NaN
NaN
NaN
NaN
NaN
NaN
NaN
NaN
NaN
NaN
NaN
NaN
NaN
NaN
NaN
NaN
NaN
NaN
NaN
NaN
NaN
NaN
NaN
NaN
NaN
NaN
NaN
NaN
NaN
NaN
NaN
NaN
NaN
NaN
NaN
NaN
NaN
NaN
NaN
NaN
NaN
NaN
NaN
NaN
NaN
NaN
NaN
NaN
NaN
NaN
NaN
NaN
NaN
NaN
NaN
NaN
NaN
NaN
NaN
NaN
NaN
NaN
NaN
NaN
NaN
NaN
NaN
NaN
NaN
NaN
NaN
NaN
NaN
NaN
NaN
NaN
NaN
NaN
NaN
NaN
NaN
NaN
NaN
NaN
NaN
NaN
NaN
NaN
NaN
NaN
NaN
NaN
NaN
NaN
NaN
NaN
NaN
NaN
NaN
NaN
NaN
NaN
NaN
NaN
NaN
NaN
NaN
NaN
NaN
NaN
NaN
NaN
NaN
NaN
NaN
NaN
NaN
NaN
NaN
NaN
NaN
NaN
NaN
NaN
NaN
NaN
NaN
NaN
NaN
NaN
NaN
NaN
NaN
NaN
NaN
NaN
NaN
NaN
NaN
NaN
NaN
NaN
NaN
NaN
NaN
NaN
NaN
NaN
NaN
NaN
NaN
NaN
NaN
NaN
NaN
NaN
NaN
NaN
NaN
NaN
NaN
NaN
NaN
NaN
NaN
NaN
NaN
NaN
NaN
NaN
NaN
NaN
NaN
NaN
NaN
NaN
NaN
NaN
NaN
NaN
NaN
NaN
NaN
NaN
NaN
NaN
NaN
NaN
NaN
NaN
NaN
NaN
NaN
NaN
NaN
NaN
NaN
NaN
NaN
NaN
NaN
NaN
NaN
NaN
NaN
NaN
NaN
NaN
NaN
NaN
NaN
NaN
NaN
NaN
NaN
NaN
NaN
NaN
NaN
NaN
NaN
NaN
NaN
NaN
NaN
NaN
NaN
NaN
NaN
NaN
NaN
NaN
NaN
NaN
NaN
NaN
NaN
NaN
NaN
NaN
NaN
NaN
NaN
NaN
NaN
NaN
NaN
NaN
NaN
NaN
NaN
NaN
NaN
NaN
NaN
NaN
NaN
NaN
NaN
NaN
NaN
NaN
NaN
NaN
NaN
NaN
NaN
NaN
NaN
NaN
NaN
NaN
NaN
NaN
NaN
NaN
NaN
NaN
NaN
NaN
NaN
NaN
NaN
NaN
NaN
NaN
NaN
NaN
NaN
NaN
NaN
NaN
NaN
NaN
NaN
NaN
NaN
NaN
NaN
NaN
NaN
NaN
NaN
NaN
NaN
NaN
NaN
NaN
NaN
NaN
NaN
NaN
NaN
NaN
NaN
NaN
NaN
NaN
NaN
NaN
NaN
NaN
NaN
NaN
NaN
NaN
NaN
NaN
NaN
NaN
NaN
NaN
NaN
NaN
NaN
NaN
NaN
NaN
NaN
NaN
NaN
NaN
NaN
NaN
NaN
NaN
NaN
NaN
NaN
NaN
NaN
NaN
NaN
NaN
NaN
NaN
NaN
NaN
NaN
NaN
NaN
NaN
NaN
NaN
NaN
NaN
NaN
NaN
NaN
NaN
NaN
NaN
NaN
NaN
NaN
NaN
NaN
NaN
NaN
NaN
NaN
NaN
NaN
NaN
NaN
NaN
NaN
NaN
NaN
NaN
NaN
NaN
NaN
NaN
NaN
NaN
NaN
NaN
NaN
NaN
NaN
NaN
NaN
NaN
NaN
NaN
NaN
NaN
NaN
NaN
NaN
NaN
NaN
NaN
NaN
NaN
NaN
NaN
NaN
NaN
NaN
NaN
NaN
NaN
NaN
NaN
NaN
NaN
NaN
NaN
NaN
NaN
NaN
NaN
NaN
NaN
NaN
NaN
NaN
NaN
NaN
NaN
NaN
NaN
NaN
NaN
NaN
NaN
NaN
NaN
NaN
NaN
NaN
NaN
NaN
NaN
NaN
NaN
NaN
NaN
NaN
NaN
NaN
NaN
NaN
NaN
NaN
NaN
NaN
NaN
NaN
NaN
NaN
NaN
NaN
NaN
NaN
NaN
NaN
NaN
NaN
NaN
NaN
NaN
NaN
NaN
NaN
NaN
NaN
NaN
