9.0E10
9.000000002943094E10
8.999977988222343E10
8.999933955797319E10
8.999867905681453E10
8.999779837942046E10
8.999669752700258E10
8.999537650131119E10
8.999383530463521E10
8.99920739398022E10
8.999009241017838E10
8.998789071966858E10
8.99854688727163E10
8.998282687430362E10
8.997996472995128E10
8.99768824457186E10
8.997358002820349E10
8.997005748454245E10
8.996631482241055E10
8.996235205002141E10
8.995816917612718E10
8.995376621001857E10
8.994914316152472E10
8.994430004101329E10
8.993923685939041E10
8.993395362810062E10
8.992845035912685E10
8.992272706499046E10
8.991678375875116E10
8.991062045400696E10
8.990423716489418E10
8.989763390608743E10
8.989081069279955E10
8.988376754078152E10
8.987650446632259E10
8.986902148625008E10
8.98613186179294E10
8.985339587926404E10
8.984525328869548E10
8.983689086520322E10
8.982830862830461E10
8.981950659805498E10
8.981048479504742E10
8.980124324041286E10
8.979178195581996E10
8.978210096347511E10
8.977220028612228E10
8.976207994704309E10
8.975173997005667E10
8.974118037951964E10
8.973040120032608E10
8.971940245790741E10
8.970818417823236E10
8.969674638780695E10
8.968508911367435E10
8.967321238341487E10
8.966111622514592E10
8.964880066752188E10
8.963626573973407E10
8.962351147151068E10
8.96105378931167E10
8.959734503535384E10
8.958393292956046E10
8.957030160761153E10
8.95564511019185E10
8.954238144542928E10
8.95280926716281E10
8.951358481453548E10
8.949885790870816E10
8.948391198923897E10
8.946874709175679E10
8.945336325242644E10
8.943776050794861E10
8.942193889555977E10
8.940589845303209E10
8.938963921867332E10
8.937316123132677E10
8.935646453037111E10
8.933954915572038E10
8.932241514782385E10
8.930506254766592E10
8.928749139676605E10
8.926970173717862E10
8.925169361149287E10
8.92334670628328E10
8.921502213485701E10
8.919635887175868E10
8.917747731826541E10
8.915837751963914E10
8.913905952167604E10
8.911952337070634E10
8.909976911359435E10
8.90797967977382E10
8.905960647106987E10
8.903919818205496E10
8.901857197969264E10
8.899772791351553E10
8.897666603358952E10
8.895538639051375E10
8.893388903542041E10
8.891217401997466E10
8.889024139637448E10
8.88680912173506E10
8.884572353616629E10
8.882313840661731E10
8.880033588303172E10
8.87773160202698E10
8.875407887372392E10
8.873062449931834E10
8.870695295350917E10
8.868306429328418E10
8.865895857616264E10
8.863463586019528E10
8.861009620396404E10
8.858533966658197E10
8.856036630769316E10
8.853517618747249E10
8.850976936662553E10
8.848414590638843E10
8.84583058685277E10
8.843224931534013E10
8.840597630965262E10
8.8379486914822E10
8.835278119473492E10
8.832585921380768E10
8.829872103698608E10
8.827136672974525E10
8.824379635808952E10
8.821600998855222E10
8.818800768819556E10
8.815978952461046E10
8.81313555659164E10
8.810270588076122E10
8.807384053832097E10
8.804475960829979E10
8.801546316092967E10
8.798595126697034E10
8.795622399770903E10
8.79262814249604E10
8.78961236210663E10
8.786575065889558E10
8.7835162611844E10
8.780435955383394E10
8.777334155931432E10
8.774210870326038E10
8.77106610611735E10
8.767899870908101E10
8.764712172353604E10
8.761503018161731E10
8.758272416092894E10
8.755020373960028E10
8.75174689962857E10
8.748452001016447E10
8.745135686094049E10
8.741797962884209E10
8.738438839462193E10
8.735058323955672E10
8.731656424544705E10
8.728233149461723E10
8.724788506991502E10
8.721322505471149E10
8.71783515329008E10
8.71432645889E10
8.710796430764882E10
8.707245077460947E10
8.703672407576643E10
8.700078429762627E10
8.69646315272174E10
8.692826585208992E10
8.689168736031529E10
8.685489614048627E10
8.68178922817166E10
8.678067587364084E10
8.674324700641414E10
8.670560577071198E10
8.666775225773001E10
8.662968655918384E10
8.659140876730875E10
8.65529189748595E10
8.651421727511015E10
8.647530376185378E10
8.643617852940225E10
8.639684167258606E10
8.635729328675404E10
8.631753346777315E10
8.627756231202823E10
8.623737991642181E10
8.619698637837384E10
8.615638179582144E10
8.611556626721872E10
8.60745398915365E10
8.603330276826207E10
8.599185499739899E10
8.59501966794668E10
8.59083279155008E10
8.586624880705179E10
8.582395945618588E10
8.578145996548418E10
8.573875043804256E10
8.569583097747145E10
8.565270168789554E10
8.560936267395354E10
8.556581404079794E10
8.552205589409476E10
8.547808834002324E10
8.543391148527568E10
8.538952543705713E10
8.534493030308507E10
8.530012619158928E10
8.525511321131148E10
8.52098914715051E10
8.5164461081935E10
8.511882215287723E10
8.507297479511876E10
8.50269191199572E10
8.498065523920053E10
8.493418326516682E10
8.4887503310684E10
8.484061548908955E10
8.479351991423024E10
8.474621670046184E10
8.469870596264886E10
8.465098781616429E10
8.460306237688925E10
8.45549297612128E10
8.450659008603162E10
8.445804346874968E10
8.440929002727806E10
8.436032988003458E10
8.431116314594351E10
8.426178994443535E10
8.421221039544647E10
8.41624246194189E10
8.411243273729994E10
8.406223487054196E10
8.401183114110204E10
8.39612216714417E10
8.391040658452661E10
8.38593860038263E10
8.380816005331381E10
8.375672885746547E10
8.370509254126053E10
8.365325123018088E10
8.360120505021078E10
8.35489541278365E10
8.349649859004602E10
8.34438385643288E10
8.339097417867535E10
8.333790556157704E10
8.328463284202568E10
8.323115614951329E10
8.317747561403175E10
8.31235913660725E10
8.306950353662617E10
8.30152122571824E10
8.296071765972934E10
8.290601987675346E10
8.285111904123918E10
8.279601528666856E10
8.2740708747021E10
8.268519955677281E10
8.262948785089706E10
8.257357376486311E10
8.251745743463632E10
8.246113899667776E10
8.240461858794383E10
8.234789634588593E10
8.229097240845016E10
8.2233846914077E10
8.217652000170088E10
8.211899181074997E10
8.206126248114574E10
8.200333215330264E10
8.194520096812785E10
8.188686906702083E10
8.1828336591873E10
8.176960368506744E10
8.17106704894785E10
8.165153714847147E10
8.159220380590222E10
8.153267060611691E10
8.147293769395157E10
8.141300521473174E10
8.13528733142722E10
8.129254213887654E10
8.123201183533684E10
8.11712825509333E10
8.11103544334339E10
8.104922763109402E10
8.09879022926561E10
8.092637856734924E10
8.086465660488893E10
8.080273655547658E10
8.074061856979921E10
8.067830279902908E10
8.061578939482332E10
8.055307850932355E10
8.049017029515552E10
8.042706490542877E10
8.03637624937362E10
8.030026321415375E10
8.023656722123999E10
8.017267467003577E10
8.010858571606381E10
8.004430051532838E10
7.997981922431485E10
7.991514199998936E10
7.985026899979845E10
7.978520038166862E10
7.9719936304006E10
7.965447692569594E10
7.958882240610265E10
7.952297290506874E10
7.945692858291495E10
7.939068960043965E10
7.932425611891853E10
7.925762830010416E10
7.919080630622562E10
7.912379029998807E10
7.905658044457243E10
7.89891769036349E10
7.892157984130663E10
7.885378942219322E10
7.87858058113745E10
7.871762917440395E10
7.864925967730838E10
7.858069748658755E10
7.851194276921368E10
7.844299569263112E10
7.837385642475592E10
7.830452513397543E10
7.823500198914787E10
7.816528715960193E10
7.809538081513638E10
7.802528312601962E10
7.79549942629893E10
7.788451439725189E10
7.781384370048225E10
7.774298234482324E10
7.767193050288528E10
7.760068834774597E10
7.75292560529496E10
7.745763379250677E10
7.738582174089401E10
7.731382007305328E10
7.724162896439157E10
7.71692485907805E10
7.709667912855586E10
7.702392075451721E10
7.695097364592741E10
7.687783798051225E10
7.680451393645995E10
7.673100169242076E10
7.665730142750656E10
7.658341332129036E10
7.65093375538059E10
7.64350743055472E10
7.636062375746815E10
7.628598609098204E10
7.621116148796112E10
7.613615013073615E10
7.6060952202096E10
7.598556788528717E10
7.590999736401335E10
7.583424082243497E10
7.575829844516875E10
7.56821704172873E10
7.560585692431857E10
7.552935815224553E10
7.545267428750557E10
7.537580551699016E10
7.529875202804436E10
7.522151400846637E10
7.514409164650705E10
7.50664851308695E10
7.498869465070856E10
7.491072039563036E10
7.48325625556919E10
7.475422132140053E10
7.467569688371353E10
7.459698943403763E10
7.451809916422855E10
7.443902626659048E10
7.435977093387573E10
7.428033335928413E10
7.420071373646266E10
7.412091225950494E10
7.404092912295073E10
7.396076452178552E10
7.388041865143997E10
7.379989170778955E10
7.371918388715395E10
7.363829538629666E10
7.35572264024245E10
7.34759771331871E10
7.339454777667648E10
7.33129385314265E10
7.323114959641238E10
7.314918117105031E10
7.306703345519687E10
7.298470664914854E10
7.29022009536413E10
7.281951656985004E10
7.273665369938814E10
7.265361254430695E10
7.25703933070953E10
7.248699619067906E10
7.240342139842052E10
7.231966913411801E10
7.223573960200539E10
7.21516330067515E10
7.20673495534597E10
7.198288944766737E10
7.189825289534541E10
7.181344010289772E10
7.17284512771607E10
7.16432866254028E10
7.155794635532391E10
7.147243067505496E10
7.138673979315735E10
7.130087391862248E10
7.121483326087123E10
7.112861802975342E10
7.104222843554733E10
7.09556646889592E10
7.086892700112267E10
7.07820155835983E10
7.069493064837308E10
7.060767240785986E10
7.052024107489688E10
7.043263686274718E10
7.034485998509816E10
7.025691065606107E10
7.016878909017035E10
7.00804955023833E10
6.999203010807942E10
6.990339312305995E10
6.981458476354729E10
6.972560524618452E10
6.963645478803488E10
6.95471336065812E10
6.94576419197254E10
6.936797994578795E10
6.927814790350732E10
6.91881460120395E10
6.909797449095741E10
6.90076335602504E10
6.891712344032368E10
6.882644435199785E10
6.873559651650826E10
6.864458015550456E10
6.855339549105015E10
6.846204274562158E10
6.837052214210809E10
6.827883390381099E10
6.818697825444315E10
6.809495541812848E10
6.800276561940134E10
6.791040908320601E10
6.781788603489617E10
6.772519670023431E10
6.763234130539118E10
6.753932007694529E10
6.744613324188229E10
6.735278102759448E10
6.725926366188022E10
6.716558137294336E10
6.707173438939273E10
6.6977722940241554E10
6.688354725490689E10
6.678920756320909E10
6.669470409537122E10
6.660003708201852E10
6.6505206754177795E10
6.641021334327693E10
6.6315057081144264E10
6.621973820000805E10
6.612425693249587E10
6.602861351163411E10
6.5932808170847336E10
6.583684114395777E10
6.57407126651847E10
6.564442296914391E10
6.554797229084712E10
6.54513608657014E10
6.5354588929508606E10
6.525765671846478E10
6.516056446915964E10
6.5063312418575905E10
6.496590080408881E10
6.4868329863465485E10
6.4770599834864365E10
6.467271095683463E10
6.457466346831563E10
6.447645760863627E10
6.437809361751447E10
6.427957173505654E10
6.418089220175662E10
6.408205525849609E10
6.3983061146542984E10
6.3883910107551384E10
6.378460238356086E10
6.368513821699586E10
6.3585517850665115E10
6.348574152776108E10
6.338580949185928E10
6.328572198691779E10
6.318547925727661E10
6.308508154765703E10
6.298452910316108E10
6.288382216927093E10
6.278296099184828E10
6.268194581713376E10
6.258077689174633E10
6.2479454462682686E10
6.237797877731664E10
6.227635008339855E10
6.217456862905468E10
6.207263466278661E10
6.1970548433470665E10
6.186831019035723E10
6.1765920183070206E10
6.1663378661606384E10
6.156068587633484E10
6.145784207799631E10
6.135484751770258E10
6.1251702446935905E10
6.114840711754835E10
6.104496178176119E10
6.0941366692164345E10
6.0837622101715675E10
6.073372826374045E10
6.062968543193066E10
6.052549386034444E10
6.042115380340545E10
6.031666551590224E10
6.0212029252987625E10
6.0107245270178085E10
6.000231382335311E10
5.989723516875461E10
5.979200956298626E10
5.96866372630129E10
5.95811185261599E10
5.947545361011251E10
5.9369642772915276E10
5.926368627297136E10
5.915758436904195E10
5.9051337320245605E10
5.8944945386057655E10
5.8838408826309525E10
5.873172790118813E10
5.862490287123523E10
5.851793399734679E10
5.841082154077235E10
5.830356576311441E10
5.819616692632776E10
5.808862529271883E10
5.798094112494509E10
5.787311468601441E10
5.776514623928437E10
5.7657036048461655E10
5.754878437760141E10
5.744039149110658E10
5.733185765372729E10
5.7223183130560165E10
5.7114368187047714E10
5.700541308897768E10
5.689631810248237E10
5.678708349403802E10
5.6677709530464134E10
5.656819647892287E10
5.645854460691833E10
5.634875418229596E10
5.623882547324187E10
5.612875874828218E10
5.601855427628237E10
5.5908212326446625E10
5.579773316831718E10
5.568711707177364E10
5.557636430703238E10
5.546547514464581E10
5.535444985550176E10
5.524328871082283E10
5.513199198216568E10
5.502055994142042E10
5.49089928608099E10
5.479729101288909E10
5.468545467054439E10
5.457348410699295E10
5.446137959578204E10
5.434914141078836E10
5.423676982621737E10
5.412426511660263E10
5.401162755680513E10
5.38988574220126E10
5.378595498773888E10
5.367292052982319E10
5.355975432442951E10
5.344645664804589E10
5.333302777748376E10
5.321946798987726E10
5.310577756268257E10
5.299195677367724E10
5.2878005900959496E10
5.276392522294757E10
5.264971501837902E10
5.253537556631005E10
5.242090714611483E10
5.23063100374848E10
5.219158452042802E10
5.207673087526844E10
5.196174938264526E10
5.184664032351223E10
5.173140397913694E10
5.161604063110018E10
5.150055056129521E10
5.13849340519271E10
5.1269191385512024E10
5.115332284487657E10
5.1037328713157074E10
5.09212092737989E10
5.080496481055576E10
5.068859560748904E10
5.057210194896704E10
5.0455484119664375E10
5.0338742404561226E10
5.022187708894262E10
5.01048884583978E10
4.9987776798819466E10
4.987054239640313E10
4.975318553764637E10
4.963570650934816E10
4.951810559860815E10
4.940038309282598E10
4.928253927970061E10
4.916457444722952E10
4.9046488883708115E10
4.8928282877728966E10
4.880995671818111E10
4.869151069424934E10
4.857294509541353E10
4.845426021144789E10
4.833545633242029E10
4.821653374869152E10
4.809749275091462E10
4.797833363003413E10
4.785905667728539E10
4.773966218419387E10
4.76201504425744E10
4.750052174453049E10
4.7380776382453606E10
4.726091464902247E10
4.714093683720232E10
4.702084324024422E10
4.6900634151684326E10
4.678030986534319E10
4.665987067532502E10
4.653931687601697E10
4.6418648762088425E10
4.629786662849028E10
4.6176970770454216E10
4.605596148349198E10
4.5934839063394684E10
4.5813603806232025E10
4.569225600835163E10
4.557079596637831E10
4.5449223977213295E10
4.532754033803358E10
4.520574534629112E10
4.50838392997122E10
4.496182249629659E10
4.483969523431694E10
4.471745781231795E10
4.45951105291157E10
4.44726536837969E10
4.435008757571816E10
4.422741250450527E10
4.410462877005245E10
4.398173667252164E10
4.385873651234172E10
4.373562859020786E10
4.3612413207080696E10
4.348909066418565E10
4.33656612630122E10
4.324212530531308E10
4.311848309310361E10
4.299473492866093E10
4.287088111452326E10
4.274692195348919E10
4.262285774861688E10
4.249868880322339E10
4.237441542088388E10
4.225003790543091E10
4.2125556560953674E10
4.200097169179727E10
4.187628360256195E10
4.175149259810237E10
4.162659898352687E10
4.150160306419669E10
4.137650514572527E10
4.1251305533977455E10
4.112600453506878E10
4.100060245536472E10
4.0875099601479935E10
4.074949628027751E10
4.0623792798868225E10
4.0497989464609795E10
4.0372086585106125E10
4.024608446820654E10
4.0119983422005066E10
3.9993783754839645E10
3.986748577529139E10
3.9741089792183846E10
3.961459611458222E10
3.948800505179264E10
3.936131691336138E10
3.923453200907412E10
3.910765064895518E10
3.898067314326676E10
3.88535998025082E10
3.872643093741521E10
3.859916685895909E10
3.847180787834601E10
3.834435430701621E10
3.821680645664328E10
3.808916463913336E10
3.7961429166624405E10
3.7833600351485405E10
3.7705678506315636E10
3.757766394394387E10
3.744955697742766E10
3.732135792005251E10
3.719306708533118E10
3.7064684787002846E10
3.6936211339032394E10
3.6807647055609634E10
3.6678992251148506E10
3.655024724028635E10
3.642141233788311E10
3.629248785902059E10
3.6163474119001656E10
3.603437143334948E10
3.590518011780677E10
3.5775900488335E10
3.564653286111362E10
3.55170775525393E10
3.538753487922516E10
3.5257905158E10
3.512818870590749E10
3.4998385840205444E10
3.4868496878365E10
3.473852213806988E10
3.460846193721558E10
3.447831659390865E10
3.434808642646584E10
3.421777175341337E10
3.408737289348614E10
3.395689016562697E10
3.382632388898578E10
3.3695674382918842E10
3.3564941966987995E10
3.343412696095985E10
3.3303229684805023E10
3.3172250458697346E10
3.3041189603013084E10
3.2910047438330154E10
3.277882428542734E10
3.2647520465283512E10
3.251613629907684E10
3.2384672108184002E10
3.225312821417941E10
3.212150493883441E10
3.1989802604116512E10
3.1858021532188595E10
3.172616204540811E10
3.1594224466326313E10
3.1462209117687454E10
3.1330116322428E10
3.119794640367585E10
3.1065699684749535E10
3.093337648915743E10
3.080097714059696E10
3.066850196295382E10
3.0535951280301178E10
3.0403325416898876E10
3.0270624697192642E10
3.0137849445813297E10
3.000499998757597E10
2.9872076647479282E10
2.973907975070457E10
2.960600962261509E10
2.947286658875521E10
2.933965097484963E10
2.920636310680257E10
2.9073003310696987E10
2.893957191279377E10
2.880606923953094E10
2.8672495617522858E10
2.8538851373559425E10
2.8405136834605278E10
2.8271352327798996E10
2.81374981804523E10
2.8003574720049255E10
2.7869582274245453E10
2.7735521170867233E10
2.760139173791087E10
2.7467194303541767E10
2.7332929196093662E10
2.719859674406783E10
2.706419727613226E10
2.6929731121120865E10
2.6795198608032684E10
2.666060006603106E10
2.652593582444285E10
2.6391206212757607E10
2.625641156062679E10
2.6121552197862938E10
2.598662845443889E10
2.5851640660486942E10
2.5716589146298077E10
2.5581474242321133E10
2.5446296279162E10
2.5311055587582817E10
2.5175752498501163E10
2.504038734298924E10
2.490496045227306E10
2.4769472157731655E10
2.463392279089625E10
2.449831268344946E10
2.4362642167224457E10
2.42269115742042E10
2.4091121236520584E10
2.3955271486453648E10
2.381936265643075E10
2.368339507902578E10
2.35473690869583E10
2.3411285013092785E10
2.327514319043776E10
2.3138943952145023E10
2.3002687631508804E10
2.286637456196497E10
2.2730005077090187E10
2.2593579510601124E10
2.2457098196353626E10
2.2320561468341904E10
2.218396966069771E10
2.2047323107689526E10
2.191062214372175E10
2.1773867103333862E10
2.1637058321199623E10
2.1500196132126247E10
2.136328087105358E10
2.12263128730533E10
2.1089292473328064E10
2.0952220007210716E10
2.0815095810163456E10
2.0677920217777016E10
2.0540693565769848E10
2.04034161899873E10
2.026608842640079E10
2.012871061110698E10
1.999128308032697E10
1.9853806170405457E10
1.971628021780992E10
1.9578705559129814E10
1.944108253107571E10
1.9303411470478504E10
1.916569271428857E10
1.902792659957496E10
1.8890113463524548E10
1.8752253643441235E10
1.8614347476745106E10
1.847639530097161E10
1.8338397453770733E10
1.820035427290617E10
1.8062266096254505E10
1.792413326180438E10
1.7785956107655663E10
1.764773497201863E10
1.750947019321314E10
1.737116210966778E10
1.7232811059919083E10
1.7094417382610655E10
1.6955981416492376E10
1.6817503500419558E10
1.6678983973352112E10
1.6540423174353733E10
1.640182144259106E10
1.6263179117332848E10
1.6124496537949135E10
1.598577404391042E10
1.5847011974786823E10
1.5708210670247261E10
1.556937047005861E10
1.5430491714084883E10
1.5291574742286386E10
1.5152619894718899E10
1.5013627511532831E10
1.48745979329724E10
1.473553149937479E10
1.4596428551169325E10
1.4457289428876633E10
1.431811447310781E10
1.4178904024563595E10
1.4039658424033527E10
1.3900378012395117E10
1.3761063130613007E10
1.3621714119738142E10
1.3482331320906937E10
1.3342915075340433E10
1.320346572434347E10
1.3063983609303846E10
1.292446907169149E10
1.2784922453057615E10
1.2645344095033888E10
1.2505734339331596E10
1.2366093527740805E10
1.2226422002129528E10
1.2086720104442883E10
1.194698817670226E10
1.1807226561004478E10
1.1667435599520964E10
1.152761563449689E10
1.1387767008250357E10
1.1247890063171549E10
1.1107985141721893E10
1.0968052586433222E10
1.0828092739906939E10
1.0688105944813175E10
1.0548092543889952E10
1.0408052879942348E10
1.0267987295841648E10
1.0127896134524515E10
9.987779738992142E9
9.847638452309418E9
9.707472617604088E9
9.56728257806591E9
9.427068676945818E9
9.286831257555077E9
9.146570663264448E9
9.006287237503345E9
8.865981323758995E9
8.725653265575594E9
8.58530340655347E9
8.444932090348241E9
8.304539660669971E9
8.164126461282333E9
8.023692836001764E9
7.883239128696622E9
7.742765683286349E9
7.602272843740626E9
7.46176095407853E9
7.321230358367693E9
